LC1	LC2	LC3	LC4	LC5
03003	0.00	15.00	0.00	0.00	0.00
03037D	960.80	14.00	128.50	134.50	0.00
03803	0.00	0.00	0.00	20.00	0.00
03803A	197.80	275.80	363.70	24.00	7.00
03803B	27.00	91.00	607.20	48.60	0.00
03803D	2197.80	390.40	1747.90	3032.10	0.00
03819A	11.00	0.00	0.00	0.00	0.00
03819C	52.20	0.00	7.50	21.00	0.00
03842B	22.50	0.00	2.50	0.00	0.00
03842C	434.50	24.00	261.00	20.00	2.00
03842D	112.70	30.00	328.50	348.50	55.00
03842H	8.50	0.00	19.50	32.00	0.00
03844B	18.50	9.00	0.00	0.00	0.00
03844C	72.40	0.00	140.00	0.00	0.00
03844D	85.60	12.30	33.00	53.50	0.00
03847	0.00	0.00	0.00	0.00	0.00
03847H	68.50	0.00	0.00	0.00	0.00
03C001	928.80	0.00	980.00	571.70	0.00
03F100	638.00	0.00	36.50	119.80	0.00
03F110	4641.50	174.20	317.10	189.90	3.00
03F800	78.80	29.50	89.50	108.10	0.00
03F836	785.10	0.00	0.00	10.20	0.00
03F846	44.00	0.00	0.00	18.80	0.00
03F847	62.00	0.00	196.00	61.50	0.00
03F860	14639.40	498.30	808.60	776.80	3.00
03L860	1109.00	4.00	46.80	12.00	0.00
03R175	383.00	0.00	0.00	0.00	0.00
03R263	78.90	0.00	28.50	138.50	0.00
03R265	18.00	0.00	0.00	0.00	0.00
03R266	0.00	0.00	34.00	25.00	0.00
03R267	363.00	0.00	0.00	0.00	0.00
03R282	106.00	21.00	0.00	0.00	0.00
03R800	53.50	12.00	10.00	124.80	0.00
03R801	824.00	106.80	349.20	701.20	0.50
03R803	0.00	0.00	0.00	0.20	0.00
03R831	0.00	0.00	0.00	231.90	4.20
03R839	90.10	0.00	0.00	0.00	0.00
03R858	0.00	0.00	57.00	415.80	0.00
04004A	4849.60	64.80	178.90	0.00	2.00
04004D	6847.50	23.50	0.00	8455.50	0.10
04004U	0.00	0.00	19.00	0.00	0.00
04018	2104.30	0.00	16.30	11.10	0.00
04019A	5431.90	708.00	113.50	305.70	1.50
04019C	679.50	0.00	0.00	294.30	0.00
04019S	64.00	105.00	37.00	0.00	0.00
04019X	1.00	7.00	0.00	0.00	0.00
04803	9.20	0.00	0.00	0.00	0.00
04839	0.00	0.00	0.00	18831.70	0.00
04F800	3195.30	128.40	158.40	328.80	12.50
04R800	0.00	0.00	0.00	38.30	0.00
04R801	186.00	0.00	28.00	97.50	0.00
04R814	0.00	0.00	0.00	231.00	0.00
04R831	31.50	0.00	0.00	1045.40	6.50
04R854	17.00	12.00	0.00	0.00	0.00
07001	5173.30	125.00	45.00	3.00	0.00
07847H	15.00	0.00	0.00	0.00	0.00
09006A	73.50	24.00	118.00	0.00	0.00
09006B	116.50	0.00	244.50	0.00	0.00
09803E	0.00	0.00	19.10	0.00	0.00
09803F	15.50	0.00	0.00	0.00	0.00
09F828	0.00	80.00	0.00	0.00	0.00
09R800	0.00	0.00	24.00	0.00	0.00
09R801	6.00	0.00	0.00	0.00	0.00
18029A	667.80	16.30	0.00	0.00	0.00
18029C	101.50	0.00	0.00	0.00	0.00
18029D	115.50	0.00	0.00	0.00	0.00
18029E	7.50	0.00	0.00	0.00	0.00
21002	1322.90	28.00	0.00	0.00	0.00
21003	0.00	0.00	110.00	0.00	0.00
21005	2440.30	104.10	603.20	0.00	76.70
21006	2387.10	0.00	0.00	0.50	0.00
21008	2795.50	1027.10	1494.90	506.90	18.50
21008A	248.10	32.10	19.10	0.00	0.20
21839	0.00	0.00	0.00	2101.00	0.00
21842	115.50	58.50	41.00	0.00	0.00
21C002	64.00	0.00	0.00	0.00	0.00
21R800	68.00	56.00	0.00	0.00	0.00
21R801	50.00	0.00	0.00	0.00	0.00
21R829	0.00	0.00	0.00	0.00	0.50
21R831	0.00	0.00	0.00	307.30	0.00
21R834	0.00	0.00	6.00	0.00	0.00
29001	361.80	127.50	42.50	0.00	0.00
29C001	20.00	0.00	0.00	0.00	0.00
29F800	1281.40	667.50	17.00	20.20	0.00
29R801	173.80	9.00	205.00	38.50	0.00
29R831	0.00	0.00	0.00	1794.20	0.00
41002D	0.00	0.00	24.00	0.00	0.00
42R831	0.00	0.00	0.00	111.80	0.00
48001	1205.00	0.00	0.00	0.00	0.00
48001A	200.00	0.00	0.00	0.00	0.00
48001D	110.00	0.00	0.00	0.00	0.00
52832C	0.00	0.00	0.00	0.00	0.00
52D001	0.00	0.00	0.00	333.00	0.00
56002	255.50	956.00	417.50	0.00	0.00
56002A	20.00	0.00	135.00	0.00	0.00
56002D	22.50	14.00	0.00	0.00	0.00
56002F	0.00	0.00	0.00	25.60	0.00
56002H	8.00	0.00	0.00	0.00	0.00
56008A	4206.20	381.00	302.90	1965.10	0.80
56008H	156.10	0.00	88.00	0.20	0.00
56008K	0.00	0.00	0.00	0.10	0.00
56008L	15266.80	85.00	752.70	0.00	5.50
56021A	0.00	0.00	241.00	105.70	0.00
56D015	703.00	295.30	948.70	439.10	9.00
56D017	266.50	138.00	319.50	0.00	0.00
56R801	518.00	87.00	129.00	692.50	0.00
56R803	0.00	0.00	15.00	0.00	0.00
56R831	0.00	0.00	0.00	19881.60	19.60
56R838	0.00	0.00	0.00	87.50	0.00
63001A	660.50	303.20	813.70	326.90	0.00
63D012	0.00	0.00	8.00	0.00	0.00
63R800	76.00	0.00	15.00	0.00	0.00
63R801	0.00	120.00	0.00	18.70	0.00
63R831	0.00	0.00	0.00	3067.10	0.00
68001	0.00	0.00	0.00	53.90	0.00
68R831	0.00	0.00	0.00	190.50	0.00
68V800	23.00	0.00	0.00	0.00	0.00
71002	6.00	0.00	0.00	0.00	0.00
71003A	1351.90	91.20	62.30	0.00	0.00
71003B	780.00	120.00	0.00	0.00	0.00
71003C	2323.30	0.00	26.00	0.00	0.00
71003E	1577.60	240.00	206.50	467.70	0.90
71003G	1044.00	77.00	0.00	0.00	0.00
71003K	233.00	16.30	407.70	0.00	0.00
71003U	683.60	16.50	91.60	117.00	0.00
71004	78.00	72.00	48.00	0.00	0.00
71009	2972.20	230.20	0.00	0.00	2.00
71R071	0.00	0.00	0.00	327.50	0.00
71R800	138.30	0.00	0.00	0.00	0.00
71R801	537.00	39.00	325.50	490.30	0.00
71R831	0.00	0.00	0.00	173.20	0.00
71R839	113.50	0.00	0.00	41.20	0.00
71R853	0.00	0.00	60.00	0.00	0.00
71R854	18.00	0.00	0.00	0.00	0.00
71V800	13.00	67.00	0.00	207.70	0.00
81R801	2.00	0.00	0.00	0.00	0.00
82008	817.60	67.00	247.00	8.00	0.00
82013	0.00	0.00	0.00	0.00	0.10
82845A	0.00	60.50	0.00	0.00	0.00
82845C	61.00	0.00	232.50	0.00	0.00
82845G	20.00	0.00	0.00	0.00	0.00
82845S	27.00	54.00	1.00	0.00	0.00
82R800	0.00	0.00	0.00	73.50	0.00
82R801	0.00	141.00	0.00	15.60	0.00
82R820	20.00	0.00	0.00	0.00	0.00
82R831	0.00	0.00	0.00	648.90	0.00
84R800	0.00	0.00	0.00	20.00	0.00
86001	6.00	0.00	0.00	0.00	0.00
86006A	454.00	112.00	172.50	21.00	0.00
86006D	0.00	0.00	740.00	0.00	0.00
86006E	26.00	52.00	392.50	0.00	0.00
86R801	0.00	0.00	0.00	9.00	0.00
88D194	0.00	0.00	0.00	297.00	0.00
88D196	0.00	0.00	0.00	191.00	0.00
88D198	0.00	0.00	0.00	50.00	0.00
88D199	0.00	0.00	0.00	89.00	0.00
88D200	0.00	0.00	0.00	142.10	0.00
88D201	0.00	0.00	0.00	77.00	0.00
88D202	0.00	0.00	0.00	225.50	0.00
88D203	0.00	0.00	0.00	136.00	0.00
88D211	0.00	0.00	0.00	109.20	0.00
88D212	0.00	0.00	0.00	77.00	0.00
88D213	0.00	0.00	0.00	336.00	0.00
88D214	0.00	0.00	0.00	288.00	0.00
88D215	0.00	0.00	0.00	200.00	0.00
88D216	0.00	0.00	0.00	76.00	0.00
88D217	0.00	0.00	0.00	384.50	0.00
88D218	0.00	0.00	0.00	295.50	0.00
88D219	0.00	0.00	0.00	179.60	0.00
88D220	0.00	0.00	0.00	192.40	0.00
88D221	0.00	0.00	0.00	102.00	0.00
88D222	0.00	0.00	0.00	142.00	0.00
88D223	0.00	0.00	0.00	206.00	0.00
88D224	0.00	0.00	0.00	200.00	0.00
88D225	0.00	0.00	0.00	120.00	0.00
88D226	0.00	0.00	0.00	220.00	0.00
88D227	0.00	0.00	0.00	200.00	0.00
88D228	0.00	0.00	0.00	105.00	0.00
88D229	0.00	0.00	0.00	362.00	0.00
88D230	0.00	0.00	0.00	103.00	0.00
88D231	0.00	0.00	0.00	211.40	0.00
88D232	0.00	0.00	0.00	245.00	0.00
88D233	0.00	0.00	0.00	227.50	0.00
88D234	0.00	0.00	0.00	210.00	0.00
88D235	0.00	0.00	0.00	114.00	0.00
88D236	0.00	0.00	0.00	300.00	0.00
88D237	0.00	0.00	0.00	117.00	0.00
88D238	0.00	0.00	0.00	105.00	0.00
88D239	0.00	0.00	0.00	262.50	0.00
88D240	0.00	0.00	0.00	140.10	0.00
88D241	0.00	0.00	0.00	192.00	0.00
88D242	0.00	0.00	0.00	223.50	0.00
88D243	0.00	0.00	0.00	289.00	0.00
88D244	0.00	0.00	0.00	138.00	0.00
88D245	0.00	0.00	0.00	228.50	0.00
88D246	0.00	0.00	0.00	76.00	0.00
88D247	0.00	0.00	0.00	108.00	0.00
88D248	0.00	0.00	0.00	108.00	0.00
88D249	0.00	0.00	0.00	114.00	0.00
88D250	0.00	0.00	0.00	397.00	0.00
88D251	0.00	0.00	0.00	240.00	0.00
88D252	0.00	0.00	0.00	458.50	0.00
88D253	0.00	0.00	0.00	146.50	0.00
88D254	0.00	0.00	0.00	216.00	0.00
88D255	0.00	0.00	0.00	121.10	0.00
88D256	0.00	0.00	0.00	72.00	0.00
88D257	0.00	0.00	0.00	114.00	0.00
88D258	0.00	0.00	0.00	111.00	0.00
88D259	0.00	0.00	0.00	107.00	0.00
88D260	0.00	0.00	0.00	306.00	0.00
88D261	0.00	0.00	0.00	86.00	0.00
88D262	0.00	0.00	0.00	326.10	0.00
88D263	0.00	0.00	0.00	423.60	0.00
88D264	0.00	0.00	0.00	133.10	0.00
88D265	0.00	0.00	0.00	112.00	0.00
88D266	0.00	0.00	0.00	113.00	0.00
88R451	0.00	0.00	0.00	176.60	0.00
96R831	0.00	0.00	0.00	800.40	0.00
96T800	0.00	0.00	0.00	432.00	0.00
99R194	0.00	0.00	0.00	162.10	0.00
