PAC	Operation_Code	Count_of_Operations	Sum_of_Hours	percent_hours
07819	43	1	0.00	0.00
03003	03	1	0.10	0.00
04004A	53	1	0.10	0.00
04R824	03	1	0.10	0.00
56002E	52	1	0.10	0.00
56008K	41	1	0.10	0.00
56R800	52	1	0.10	0.00
56R834	12	1	0.10	0.00
71006M	31	1	0.10	0.00
71C001	41	1	0.10	0.00
71R816	03	1	0.10	0.00
82013	41	1	0.10	0.00
03R803	41	1	0.20	0.00
03R845	33	1	0.20	0.00
04R845	52	2	0.20	0.00
18029A	53	1	0.20	0.00
52D001	83	2	0.20	0.00
71004	52	2	0.20	0.00
03R844	52	1	0.30	0.00
71R838	03	3	0.30	0.00
71S004	53	3	0.30	0.00
03037B	53	1	0.50	0.00
03037B	92	1	0.50	0.00
03803B	53	1	0.50	0.00
03803E	17	1	0.50	0.00
03819B	53	1	0.50	0.00
03F860	52	4	0.50	0.00
03R282	14	1	0.50	0.00
03R801	53	1	0.50	0.00
03R839	14	1	0.50	0.00
03R871	84	1	0.50	0.00
04004U	83	1	0.50	0.00
04019C	95	1	0.50	0.00
04019X	53	1	0.50	0.00
04803	83	1	0.50	0.00
09803	83	1	0.50	0.00
09844F	11	1	0.50	0.00
09R845	52	1	0.50	0.00
18003	01	1	0.50	0.00
21003	43	1	0.50	0.00
21842	01	1	0.50	0.00
21R290	13	1	0.50	0.00
21R834	53	1	0.50	0.00
42R316	92	1	0.50	0.00
46832P	92	1	0.50	0.00
56002F	53	1	0.50	0.00
56818	95	1	0.50	0.00
58R800	21	1	0.50	0.00
58R800	95	1	0.50	0.00
71001A	92	1	0.50	0.00
71004A	83	1	0.50	0.00
71R800	95	1	0.50	0.00
71R814	17	1	0.50	0.00
81010	84	1	0.50	0.00
81845T	17	1	0.50	0.00
82002	21	1	0.50	0.00
82R320	83	1	0.50	0.00
82R801	86	1	0.50	0.00
86009	95	1	0.50	0.00
86010	02	1	0.50	0.00
99R800	02	1	0.50	0.00
03037C	92	1	0.60	0.00
04R854	21	1	0.60	0.00
21R800	21	2	0.60	0.00
85Z800	92	1	0.70	0.00
07R279	84	1	0.80	0.00
41B800	52	4	0.80	0.00
86R845	52	2	0.80	0.00
03037	43	2	1.00	0.00
03037D	53	1	1.00	0.00
03803	02	1	1.00	0.00
03803	51	1	1.00	0.00
03803C	92	1	1.00	0.00
03F098	84	1	1.00	0.00
03F110	53	1	1.00	0.00
03R175	52	1	1.00	0.00
03R234	02	1	1.00	0.00
03R800	51	1	1.00	0.00
03R876	83	1	1.00	0.00
04018	02	1	1.00	0.00
04808A	84	1	1.00	0.00
04842H	11	1	1.00	0.00
04C001	92	2	1.00	0.00
04R078	92	1	1.00	0.00
04R846	84	1	1.00	0.00
04R859	14	1	1.00	0.00
07844	52	2	1.00	0.00
07R800	95	1	1.00	0.00
09842H	11	1	1.00	0.00
09844F	21	2	1.00	0.00
09847	11	1	1.00	0.00
09R800	18	1	1.00	0.00
09R800	31	1	1.00	0.00
18029D	53	1	1.00	0.00
21842	84	1	1.00	0.00
21R824	84	1	1.00	0.00
21R829	86	1	1.00	0.00
21R829	92	1	1.00	0.00
21R831	84	1	1.00	0.00
21R839	14	1	1.00	0.00
29R833	83	1	1.00	0.00
41002B	01	1	1.00	0.00
42007	21	1	1.00	0.00
42808	84	1	1.00	0.00
42809	13	1	1.00	0.00
48809	84	1	1.00	0.00
52001	83	1	1.00	0.00
53001A	92	1	1.00	0.00
56021B	84	1	1.00	0.00
56832	84	1	1.00	0.00
56832	92	1	1.00	0.00
56R814	17	2	1.00	0.00
58D800	31	1	1.00	0.00
58R800	18	1	1.00	0.00
61R800	84	1	1.00	0.00
63D800	33	1	1.00	0.00
68001G	12	1	1.00	0.00
68R800	21	1	1.00	0.00
71003E	51	1	1.00	0.00
71003K	52	1	1.00	0.00
71004	95	1	1.00	0.00
71R803	92	1	1.00	0.00
71R838	13	1	1.00	0.00
71R843	86	1	1.00	0.00
71R843	96	1	1.00	0.00
71V030	12	1	1.00	0.00
82818	17	1	1.00	0.00
82R820	17	1	1.00	0.00
82R841	17	1	1.00	0.00
83001A	92	1	1.00	0.00
83Z800	17	1	1.00	0.00
83Z800	84	1	1.00	0.00
86002	92	1	1.00	0.00
86004	92	1	1.00	0.00
86R833	33	1	1.00	0.00
86R833	92	1	1.00	0.00
88R845	92	1	1.00	0.00
96001	12	1	1.00	0.00
99R875	92	1	1.00	0.00
71005	52	5	1.10	0.00
56D015	52	3	1.20	0.00
71R800	52	6	1.20	0.00
03819B	52	5	1.30	0.00
03S004	13	5	1.40	0.00
04019X	52	10	1.40	0.00
03003	02	1	1.50	0.00
03803E	53	1	1.50	0.00
03819	43	2	1.50	0.00
03F800	01	1	1.50	0.00
03R814	17	1	1.50	0.00
03S002	83	1	1.50	0.00
04018	95	1	1.50	0.00
04R320	01	1	1.50	0.00
18R800	17	1	1.50	0.00
29R816	84	1	1.50	0.00
42811	92	1	1.50	0.00
48001D	15	1	1.50	0.00
52001	84	1	1.50	0.00
53001B	17	1	1.50	0.00
53001C	84	1	1.50	0.00
56002D	13	1	1.50	0.00
56002I	13	1	1.50	0.00
56008H	51	3	1.50	0.00
56R800	02	2	1.50	0.00
56R811	21	15	1.50	0.00
56R845	84	1	1.50	0.00
68808	92	1	1.50	0.00
71R801	17	1	1.50	0.00
71R839	92	1	1.50	0.00
82R824	86	1	1.50	0.00
83R800	01	1	1.50	0.00
85S001	83	1	1.50	0.00
96001	84	2	1.50	0.00
99R004	83	1	1.50	0.00
03844B	21	4	1.60	0.00
04R859	52	7	1.60	0.00
03S004	53	9	1.80	0.00
21R829	53	6	1.80	0.00
82S009	13	1	1.80	0.00
03R847	52	8	1.90	0.00
56008X	52	9	1.90	0.00
71R811	52	7	1.90	0.00
03037	84	2	2.00	0.00
03803D	17	1	2.00	0.00
03803U	31	1	2.00	0.00
03842	96	1	2.00	0.00
03844D	13	1	2.00	0.00
03844H	53	1	2.00	0.00
03847H	95	1	2.00	0.00
03R263	14	1	2.00	0.00
03R277	92	1	2.00	0.00
03R320	31	2	2.00	0.00
03R801	01	1	2.00	0.00
03R820	92	1	2.00	0.00
03R845	12	1	2.00	0.00
03R856	92	1	2.00	0.00
03S836	92	1	2.00	0.00
04R814	95	1	2.00	0.00
04R824	83	1	2.00	0.00
07842	13	1	2.00	0.00
07842H	83	1	2.00	0.00
07847	12	1	2.00	0.00
09808	84	4	2.00	0.00
09842H	13	1	2.00	0.00
09F800	14	1	2.00	0.00
18029E	31	1	2.00	0.00
18F800	84	2	2.00	0.00
21002	13	1	2.00	0.00
21008	95	1	2.00	0.00
21008X	14	1	2.00	0.00
21844	31	1	2.00	0.00
21844	84	1	2.00	0.00
29R801	17	1	2.00	0.00
41B800	14	1	2.00	0.00
42007	92	1	2.00	0.00
45R800	13	1	2.00	0.00
46R825	12	1	2.00	0.00
48D800	95	1	2.00	0.00
56002A	95	1	2.00	0.00
56002E	95	1	2.00	0.00
56008L	83	1	2.00	0.00
56014A	84	1	2.00	0.00
56843	13	1	2.00	0.00
56R010	83	1	2.00	0.00
56R831	31	1	2.00	0.00
61R800	17	1	2.00	0.00
68001	13	1	2.00	0.00
71004	02	2	2.00	0.00
71006	01	1	2.00	0.00
71R801	84	1	2.00	0.00
71R853	14	2	2.00	0.00
71R875	17	1	2.00	0.00
71S800	13	1	2.00	0.00
81845T	84	1	2.00	0.00
81R801	41	1	2.00	0.00
82008	17	3	2.00	0.00
82009	83	1	2.00	0.00
82845P	12	1	2.00	0.00
82R816	95	1	2.00	0.00
83001A	13	1	2.00	0.00
84R803	84	2	2.00	0.00
84R816	83	1	2.00	0.00
86007	31	1	2.00	0.00
86008	96	1	2.00	0.00
99R800	18	1	2.00	0.00
07819	52	4	2.10	0.00
71S800	12	2	2.10	0.00
71003E	53	4	2.30	0.00
71003K	21	18	2.30	0.00
03819	14	1	2.50	0.00
03819	17	1	2.50	0.00
03847H	33	1	2.50	0.00
04019B	52	4	2.50	0.00
04R801	92	1	2.50	0.00
09006A	02	1	2.50	0.00
09847H	11	5	2.50	0.00
18F800	31	1	2.50	0.00
21R845	52	8	2.50	0.00
46R873	84	1	2.50	0.00
52832C	21	3	2.50	0.00
56008H	53	1	2.50	0.00
56008H	95	1	2.50	0.00
71002	17	1	2.50	0.00
71003B	92	1	2.50	0.00
82845G	15	1	2.50	0.00
82R801	17	1	2.50	0.00
84Z800	84	2	2.50	0.00
88D225	31	5	2.50	0.00
88R046	83	1	2.50	0.00
88R845	86	1	2.50	0.00
03003A	41	3	2.60	0.00
71004	53	9	2.80	0.00
71S012	53	12	2.80	0.00
03003A	92	1	3.00	0.00
03803	03	1	3.00	0.00
03842H	17	1	3.00	0.00
03844	53	2	3.00	0.00
03844H	01	1	3.00	0.00
03847	92	1	3.00	0.00
03F098	14	2	3.00	0.00
03F845	13	1	3.00	0.00
03R233	86	1	3.00	0.00
03R234	17	1	3.00	0.00
03R287	84	1	3.00	0.00
03R816	95	1	3.00	0.00
04019X	31	1	3.00	0.00
04F800	83	1	3.00	0.00
07001	53	6	3.00	0.00
07819	33	2	3.00	0.00
18R845	95	1	3.00	0.00
21005	95	2	3.00	0.00
21008	17	1	3.00	0.00
21008A	17	1	3.00	0.00
21R839	12	1	3.00	0.00
42001G	86	1	3.00	0.00
42818	83	1	3.00	0.00
42R814	92	1	3.00	0.00
46832P	84	1	3.00	0.00
48D800	17	1	3.00	0.00
56002H	92	1	3.00	0.00
56002P	31	2	3.00	0.00
56014A	53	1	3.00	0.00
56D800	17	2	3.00	0.00
56R801	83	1	3.00	0.00
56R836	84	1	3.00	0.00
56R876	83	1	3.00	0.00
58D800	17	1	3.00	0.00
61D800	84	1	3.00	0.00
63D800	17	1	3.00	0.00
71001A	01	1	3.00	0.00
71003B	52	3	3.00	0.00
71R814	92	1	3.00	0.00
71R845	52	21	3.00	0.00
71R853	18	1	3.00	0.00
84Z800	92	1	3.00	0.00
86006D	84	1	3.00	0.00
88D246	31	6	3.00	0.00
96T800	17	1	3.00	0.00
99R800	31	1	3.00	0.00
99R803	95	1	3.00	0.00
99R834	01	1	3.00	0.00
21006	52	4	3.10	0.00
71007	52	11	3.10	0.00
86R833	21	4	3.20	0.00
03F800	95	1	3.50	0.00
04847H	11	6	3.50	0.00
21F800	17	1	3.50	0.00
29001	17	1	3.50	0.00
52832C	14	5	3.50	0.00
82R845	14	1	3.50	0.00
83001	84	3	3.50	0.00
88D160	31	7	3.50	0.00
88D261	31	7	3.50	0.00
88R451	84	2	3.50	0.00
03R820	14	3	3.60	0.00
21004	21	6	3.60	0.00
71001	33	3	3.70	0.00
56D015	14	9	3.80	0.00
03003	18	1	4.00	0.00
03R801	15	1	4.00	0.00
03R845	31	1	4.00	0.00
03R847	33	1	4.00	0.00
04019U	31	1	4.00	0.00
04839	02	2	4.00	0.00
04842H	31	1	4.00	0.00
04R839	01	1	4.00	0.00
04R854	83	3	4.00	0.00
09006A	11	1	4.00	0.00
09803E	13	1	4.00	0.00
09R800	53	3	4.00	0.00
09R839	14	1	4.00	0.00
18R835	92	1	4.00	0.00
21002	84	1	4.00	0.00
21008A	01	1	4.00	0.00
21R800	15	1	4.00	0.00
21R801	92	3	4.00	0.00
29R824	86	1	4.00	0.00
29R829	02	1	4.00	0.00
41B800	83	1	4.00	0.00
42845B	92	2	4.00	0.00
42B800	14	2	4.00	0.00
42R801	92	1	4.00	0.00
42R833	33	1	4.00	0.00
45B800	14	2	4.00	0.00
45R800	33	1	4.00	0.00
46832	15	1	4.00	0.00
48R800	17	1	4.00	0.00
52832	31	2	4.00	0.00
53001C	13	1	4.00	0.00
56008L	43	1	4.00	0.00
56014	33	1	4.00	0.00
71005A	31	1	4.00	0.00
71V017	14	1	4.00	0.00
81845R	17	1	4.00	0.00
81R800	02	1	4.00	0.00
81R801	17	1	4.00	0.00
82009	31	1	4.00	0.00
82845B	95	1	4.00	0.00
82R824	83	1	4.00	0.00
82R841	92	1	4.00	0.00
83001A	83	1	4.00	0.00
83811	84	1	4.00	0.00
84R816	84	2	4.00	0.00
86008	84	1	4.00	0.00
86R876	13	2	4.00	0.00
88D195	31	8	4.00	0.00
88D216	31	8	4.00	0.00
88R019	95	1	4.00	0.00
88R833	84	4	4.00	0.00
88R834	83	1	4.00	0.00
96R833	21	4	4.00	0.00
96T800	15	1	4.00	0.00
04018	21	15	4.10	0.00
71S012	13	7	4.10	0.00
03037B	33	5	4.50	0.00
04019A	95	1	4.50	0.00
48001	92	4	4.50	0.00
56D016	31	1	4.50	0.00
71001A	13	3	4.50	0.00
71003K	01	3	4.50	0.00
71R870	33	3	4.50	0.00
84R800	13	2	4.50	0.00
88D189	31	9	4.50	0.00
88D256	31	9	4.50	0.00
03R859	52	36	4.90	0.00
96R800	52	15	4.90	0.00
03842D	92	1	5.00	0.00
03F100	01	2	5.00	0.00
03R859	43	1	5.00	0.00
03S005	53	32	5.00	0.00
04019X	84	1	5.00	0.00
04F800	84	2	5.00	0.00
09811	13	1	5.00	0.00
09R800	13	1	5.00	0.00
18004	02	3	5.00	0.00
18029B	83	3	5.00	0.00
18029E	84	2	5.00	0.00
18R831	84	1	5.00	0.00
21003	12	1	5.00	0.00
21008	18	1	5.00	0.00
21008X	83	1	5.00	0.00
21008X	92	4	5.00	0.00
21844	33	2	5.00	0.00
29001	83	1	5.00	0.00
29001	95	2	5.00	0.00
42007	84	2	5.00	0.00
42R833	83	1	5.00	0.00
46832	95	2	5.00	0.00
46D800	84	2	5.00	0.00
52832P	31	2	5.00	0.00
56008X	51	2	5.00	0.00
56D015	83	1	5.00	0.00
56R011	15	1	5.00	0.00
56R801	17	1	5.00	0.00
56R833	83	1	5.00	0.00
71001	83	1	5.00	0.00
71001B	84	1	5.00	0.00
71003J	13	1	5.00	0.00
71007	83	1	5.00	0.00
71009	43	1	5.00	0.00
71V800	84	2	5.00	0.00
82R800	53	1	5.00	0.00
83003	12	1	5.00	0.00
84R800	17	6	5.00	0.00
85014C	96	1	5.00	0.00
86001	53	2	5.00	0.00
96R831	83	1	5.00	0.00
96R833	52	14	5.00	0.00
98T800	02	1	5.00	0.00
99R242	92	2	5.00	0.00
09844E	21	9	5.10	0.00
82818	84	4	5.30	0.00
96T800	43	5	5.30	0.00
03847	53	7	5.50	0.00
21004	83	2	5.50	0.00
29R824	84	2	5.50	0.00
41B800	92	3	5.50	0.00
46D800	17	2	5.50	0.00
68001	21	8	5.50	0.00
68R800	18	5	5.50	0.00
71003B	14	5	5.50	0.00
71004A	84	1	5.50	0.00
71005	31	2	5.50	0.00
71V017	92	3	5.50	0.00
88D165	31	11	5.50	0.00
88D175	31	11	5.50	0.00
88D200	31	11	5.50	0.00
88D201	31	11	5.50	0.00
88D212	31	11	5.50	0.00
88D220	31	11	5.50	0.00
88D228	31	11	5.50	0.00
88D241	31	11	5.50	0.00
21R824	43	1	5.60	0.00
03842D	84	7	5.80	0.00
03R859	33	11	5.80	0.00
61R800	92	3	5.80	0.00
03S003	13	59	5.90	0.00
03037D	83	1	6.00	0.00
03803A	15	1	6.00	0.00
03803B	43	1	6.00	0.00
03842C	86	1	6.00	0.00
03F098	92	2	6.00	0.00
03F110	86	2	6.00	0.00
03F841	12	1	6.00	0.00
03R843	96	1	6.00	0.00
03S003	84	2	6.00	0.00
04018	15	1	6.00	0.00
04R800	95	3	6.00	0.00
07R279	31	1	6.00	0.00
07R800	17	3	6.00	0.00
07R801	31	1	6.00	0.00
09006B	95	1	6.00	0.00
09808	13	1	6.00	0.00
09844F	14	1	6.00	0.00
09R801	41	1	6.00	0.00
18029C	84	2	6.00	0.00
18029D	83	3	6.00	0.00
18R834	95	1	6.00	0.00
21F800	14	3	6.00	0.00
21R834	01	1	6.00	0.00
21R834	41	1	6.00	0.00
42001F	01	1	6.00	0.00
42001G	01	1	6.00	0.00
42001H	01	1	6.00	0.00
46R800	17	3	6.00	0.00
48R800	13	1	6.00	0.00
48R831	92	4	6.00	0.00
52832P	92	2	6.00	0.00
56002Q	84	1	6.00	0.00
56R824	92	1	6.00	0.00
56R831	84	1	6.00	0.00
63R831	31	2	6.00	0.00
68R800	13	1	6.00	0.00
71003A	83	1	6.00	0.00
71003K	84	1	6.00	0.00
81010	18	1	6.00	0.00
81845T	11	1	6.00	0.00
82845A	17	2	6.00	0.00
82R820	31	1	6.00	0.00
82R834	13	12	6.00	0.00
86001	41	1	6.00	0.00
86004	13	1	6.00	0.00
86006A	84	2	6.00	0.00
86R801	31	1	6.00	0.00
88D184	31	12	6.00	0.00
88D203	31	12	6.00	0.00
88D253	31	12	6.00	0.00
88R845	53	2	6.00	0.00
96R876	13	3	6.00	0.00
99R800	17	2	6.00	0.00
71003C	12	3	6.10	0.00
04004U	14	4	6.50	0.00
07844	33	3	6.50	0.00
56D015	33	4	6.50	0.00
88D181	31	13	6.50	0.00
88D230	31	13	6.50	0.00
88D233	31	13	6.50	0.00
88D275	31	13	6.50	0.00
99R845	53	5	6.50	0.00
29R829	52	32	6.70	0.00
03R847	21	13	6.90	0.00
03803C	31	2	7.00	0.00
03R282	43	1	7.00	0.00
03R839	17	6	7.00	0.00
03R876	11	7	7.00	0.00
03S836	95	2	7.00	0.00
07F800	31	1	7.00	0.00
07F800	92	1	7.00	0.00
09842	13	7	7.00	0.00
09844E	14	5	7.00	0.00
21006	92	5	7.00	0.00
41R800	14	2	7.00	0.00
61D800	92	3	7.00	0.00
71G011	13	2	7.00	0.00
71R858	31	2	7.00	0.00
81010	13	1	7.00	0.00
88D171	31	14	7.00	0.00
88D185	31	14	7.00	0.00
88D191	31	14	7.00	0.00
88D202	31	14	7.00	0.00
88D211	31	14	7.00	0.00
88D221	31	14	7.00	0.00
88D232	31	14	7.00	0.00
88D258	31	14	7.00	0.00
88D260	31	14	7.00	0.00
88D270	31	14	7.00	0.00
88R451	86	1	7.00	0.00
03003	53	3	7.50	0.00
03F836	84	4	7.50	0.00
18029E	41	1	7.50	0.00
58R800	13	1	7.50	0.00
63001A	53	8	7.50	0.00
68R800	33	3	7.50	0.00
81010	17	2	7.50	0.00
82009	84	4	7.50	0.00
88D155	31	15	7.50	0.00
88D163	31	15	7.50	0.00
88D164	31	15	7.50	0.00
88D170	31	15	7.50	0.00
88D176	31	15	7.50	0.00
88D177	31	15	7.50	0.00
88D178	31	15	7.50	0.00
88D238	31	15	7.50	0.00
88D239	31	15	7.50	0.00
88D262	31	15	7.50	0.00
03803	14	1	8.00	0.00
03819B	13	1	8.00	0.00
03819B	31	1	8.00	0.00
03819C	95	1	8.00	0.00
03842B	12	1	8.00	0.00
03842C	12	1	8.00	0.00
03842D	12	1	8.00	0.00
03844D	95	1	8.00	0.00
03847	83	3	8.00	0.00
03R257	95	1	8.00	0.00
03R816	31	2	8.00	0.00
03R831	31	3	8.00	0.00
03R858	83	1	8.00	0.00
03S001	96	1	8.00	0.00
04019A	01	1	8.00	0.00
04019X	41	8	8.00	0.00
04R801	12	1	8.00	0.00
04R824	84	9	8.00	0.00
07844	31	1	8.00	0.00
07844	86	1	8.00	0.00
07R280	31	3	8.00	0.00
07R803	01	1	8.00	0.00
09803	84	1	8.00	0.00
09842	92	1	8.00	0.00
09842F	12	1	8.00	0.00
09844F	84	1	8.00	0.00
09R801	13	1	8.00	0.00
18029E	83	2	8.00	0.00
18R874	84	6	8.00	0.00
21003	83	1	8.00	0.00
21008	15	1	8.00	0.00
21R816	84	1	8.00	0.00
42002G	84	1	8.00	0.00
42811	84	1	8.00	0.00
42845B	13	1	8.00	0.00
42B800	31	1	8.00	0.00
42R800	95	1	8.00	0.00
42R875	84	1	8.00	0.00
46R800	13	1	8.00	0.00
48R825	12	1	8.00	0.00
56R359	84	1	8.00	0.00
56R814	18	1	8.00	0.00
56R876	01	1	8.00	0.00
63001A	83	1	8.00	0.00
71R833	86	1	8.00	0.00
71R854	31	2	8.00	0.00
81R803	92	1	8.00	0.00
82009	12	1	8.00	0.00
82009	13	1	8.00	0.00
82845A	18	1	8.00	0.00
82845A	83	2	8.00	0.00
82R824	13	1	8.00	0.00
82R833	86	1	8.00	0.00
82Z002	92	4	8.00	0.00
86R833	83	1	8.00	0.00
88D218	31	16	8.00	0.00
88D243	31	16	8.00	0.00
88R451	92	2	8.00	0.00
88R833	86	1	8.00	0.00
96R800	96	1	8.00	0.00
98T800	83	1	8.00	0.00
07842	31	2	8.10	0.00
84R800	33	4	8.20	0.00
71003B	21	7	8.30	0.00
03F860	53	16	8.50	0.00
04847	13	1	8.50	0.00
04847H	84	1	8.50	0.00
04R816	84	3	8.50	0.00
56R801	86	4	8.50	0.00
71003C	21	20	8.50	0.00
71R811	53	11	8.50	0.00
82A800	17	2	8.50	0.00
88D173	31	17	8.50	0.00
88D182	31	17	8.50	0.00
88D186	31	17	8.50	0.00
88D194	31	17	8.50	0.00
88D196	31	17	8.50	0.00
88D219	31	17	8.50	0.00
88R451	31	17	8.50	0.00
99R002	83	2	8.50	0.00
07001	21	14	8.60	0.00
03R266	83	1	9.00	0.00
03R831	13	1	9.00	0.00
04R816	92	4	9.00	0.00
04R859	92	2	9.00	0.00
09803	53	4	9.00	0.00
18029C	83	2	9.00	0.00
21R839	31	2	9.00	0.00
29F800	92	2	9.00	0.00
29R801	92	2	9.00	0.00
45R824	14	6	9.00	0.00
46832M	92	3	9.00	0.00
63R800	17	3	9.00	0.00
71003C	83	2	9.00	0.00
81R800	12	3	9.00	0.00
86R801	41	1	9.00	0.00
88D167	31	18	9.00	0.00
88D168	31	18	9.00	0.00
88D174	31	18	9.00	0.00
88D179	31	18	9.00	0.00
88D180	31	18	9.00	0.00
88D236	31	18	9.00	0.00
88D237	31	18	9.00	0.00
88D247	31	18	9.00	0.00
88D248	31	18	9.00	0.00
88D259	31	18	9.00	0.00
99R005	83	1	9.00	0.00
99R875	95	1	9.00	0.00
04803	41	2	9.20	0.00
52832C	52	13	9.40	0.00
03842H	95	4	9.50	0.00
04019B	92	4	9.50	0.00
21R831	83	3	9.50	0.00
29R829	33	6	9.50	0.00
82Z800	14	2	9.50	0.00
88D161	31	19	9.50	0.00
88D166	31	19	9.50	0.00
88D187	31	19	9.50	0.00
88D222	31	19	9.50	0.00
88D235	31	19	9.50	0.00
88D244	31	19	9.50	0.00
88D245	31	19	9.50	0.00
88D249	31	19	9.50	0.00
88D257	31	19	9.50	0.00
88D263	31	19	9.50	0.00
88D266	31	19	9.50	0.00
88D269	31	19	9.50	0.00
88D272	31	19	9.50	0.00
99R800	33	4	9.50	0.00
96R800	33	6	9.70	0.00
71R871	21	25	9.90	0.00
03037B	41	2	10.00	0.00
03037D	33	4	10.00	0.00
03842	86	1	10.00	0.00
03842H	15	3	10.00	0.00
03842H	86	1	10.00	0.00
03F098	41	2	10.00	0.00
03F847	92	2	10.00	0.00
03R282	31	4	10.00	0.00
04019A	02	1	10.00	0.00
04839	86	1	10.00	0.00
21006	84	1	10.00	0.00
21839	86	1	10.00	0.00
21842	18	1	10.00	0.00
29001	53	6	10.00	0.00
29R833	84	1	10.00	0.00
41002B	83	1	10.00	0.00
41808	92	1	10.00	0.00
46832	31	1	10.00	0.00
48810	84	1	10.00	0.00
52832E	11	1	10.00	0.00
52R800	12	1	10.00	0.00
56002I	31	1	10.00	0.00
56002P	92	4	10.00	0.00
56008X	84	2	10.00	0.00
56843	84	1	10.00	0.00
56D800	13	2	10.00	0.00
56R801	01	1	10.00	0.00
56R811	52	65	10.00	0.00
56R824	13	1	10.00	0.00
63002	92	1	10.00	0.00
68808G	13	1	10.00	0.00
68R801	31	2	10.00	0.00
71003U	92	1	10.00	0.00
71R838	31	2	10.00	0.00
82R801	15	1	10.00	0.00
82Z800	43	1	10.00	0.00
83003	31	1	10.00	0.00
84R800	31	1	10.00	0.00
86R834	96	1	10.00	0.00
86R845	92	1	10.00	0.00
88D169	31	20	10.00	0.00
88D183	31	20	10.00	0.00
88D215	31	20	10.00	0.00
88D224	31	20	10.00	0.00
88D226	31	20	10.00	0.00
88D227	31	20	10.00	0.00
88D229	31	20	10.00	0.00
88D242	31	20	10.00	0.00
88D250	31	20	10.00	0.00
88D251	31	20	10.00	0.00
88D255	31	20	10.00	0.00
88D265	31	20	10.00	0.00
88D267	31	20	10.00	0.00
88D271	31	20	10.00	0.00
88D273	31	20	10.00	0.00
88D274	31	20	10.00	0.00
96R833	33	2	10.00	0.00
99R006	96	1	10.00	0.00
07001	52	32	10.40	0.00
03003A	53	8	10.50	0.00
04F800	14	4	10.50	0.00
18029A	15	2	10.50	0.00
21005	96	1	10.50	0.00
21R801	31	3	10.50	0.00
21R829	33	7	10.50	0.00
68V800	17	4	10.50	0.00
88D154	31	21	10.50	0.00
88D156	31	21	10.50	0.00
88D157	31	21	10.50	0.00
88D158	31	21	10.50	0.00
88D172	31	21	10.50	0.00
88D223	31	21	10.50	0.00
88D234	31	21	10.50	0.00
03847H	53	13	11.00	0.00
03F098	31	2	11.00	0.00
03R282	33	1	11.00	0.00
21839	13	1	11.00	0.00
41R801	13	2	11.00	0.00
68811	92	2	11.00	0.00
71R833	84	2	11.00	0.00
82R833	83	5	11.00	0.00
83Z800	92	1	11.00	0.00
84Z002	95	1	11.00	0.00
88D198	31	22	11.00	0.00
88D240	31	22	11.00	0.00
88D252	31	22	11.00	0.00
88D264	31	22	11.00	0.00
82R833	52	49	11.20	0.00
96T800	02	2	11.20	0.00
71003E	84	4	11.30	0.00
07844	21	23	11.40	0.00
03803B	13	2	11.50	0.00
45R800	17	3	11.50	0.00
82Z800	17	4	11.50	0.00
88D159	31	23	11.50	0.00
88D199	31	23	11.50	0.00
88D268	31	23	11.50	0.00
96001	83	1	11.50	0.00
42R845	21	17	11.60	0.00
03037D	52	110	11.90	0.00
03819	41	2	12.00	0.00
03819C	53	2	12.00	0.00
03842	01	3	12.00	0.00
03847	84	1	12.00	0.00
03F846	83	1	12.00	0.00
04004U	31	3	12.00	0.00
04R824	92	1	12.00	0.00
09803	92	2	12.00	0.00
18029F	15	1	12.00	0.00
18R800	13	2	12.00	0.00
18R800	83	4	12.00	0.00
41002B	31	1	12.00	0.00
41811	84	2	12.00	0.00
41811	92	3	12.00	0.00
42001H	83	2	12.00	0.00
42R800	14	2	12.00	0.00
48001	13	4	12.00	0.00
52R800	83	1	12.00	0.00
56843	31	1	12.00	0.00
56D015	43	1	12.00	0.00
56R801	15	2	12.00	0.00
56R803	31	3	12.00	0.00
56R814	31	1	12.00	0.00
56R834	92	2	12.00	0.00
68001	14	17	12.00	0.00
71004	15	1	12.00	0.00
71004	96	1	12.00	0.00
71009	01	2	12.00	0.00
71009	96	1	12.00	0.00
71R801	92	2	12.00	0.00
71R844	83	2	12.00	0.00
71V800	83	1	12.00	0.00
81Z800	17	2	12.00	0.00
83809	84	1	12.00	0.00
86006E	43	1	12.00	0.00
88D193	31	24	12.00	0.00
88D214	31	24	12.00	0.00
88R046	01	1	12.00	0.00
99R006	01	2	12.00	0.00
03R843	12	3	12.10	0.00
63R800	86	9	12.10	0.00
82013	31	1	12.10	0.00
04842A	12	2	12.50	0.00
56014A	21	20	12.50	0.00
71003C	92	2	12.50	0.00
82R831	31	5	12.50	0.00
83001	13	3	12.60	0.00
83R800	33	6	12.60	0.00
86R800	14	9	12.60	0.00
03F836	95	7	12.80	0.00
03003A	83	2	13.00	0.00
03844	95	3	13.00	0.00
04R800	17	2	13.00	0.00
09842F	41	1	13.00	0.00
18R834	84	2	13.00	0.00
42002F	86	2	13.00	0.00
63R831	13	2	13.00	0.00
82845S	92	3	13.00	0.00
82R320	84	5	13.00	0.00
86Z800	92	3	13.00	0.00
88D190	31	26	13.00	0.00
99R003	83	4	13.00	0.00
03037D	92	3	13.50	0.00
29F800	14	4	13.50	0.00
42001G	83	3	13.50	0.00
71009	53	19	13.50	0.00
81R800	33	5	13.50	0.00
82008	95	2	13.50	0.00
82Z002	41	2	13.50	0.00
84R800	43	2	13.50	0.00
88D152	31	27	13.50	0.00
88D162	31	27	13.50	0.00
88D254	31	27	13.50	0.00
03R831	03	1	13.60	0.00
03S002	53	63	13.90	0.00
03819	01	5	14.00	0.00
03819A	41	3	14.00	0.00
03844H	92	3	14.00	0.00
03844U	12	1	14.00	0.00
03C001	84	1	14.00	0.00
03R824	95	4	14.00	0.00
09006B	83	2	14.00	0.00
09842E	11	1	14.00	0.00
21R831	31	7	14.00	0.00
52832B	31	2	14.00	0.00
63R801	92	9	14.00	0.00
71003C	13	4	14.00	0.00
71R811	14	4	14.00	0.00
82R833	95	1	14.00	0.00
85014F	12	2	14.00	0.00
86006D	31	7	14.00	0.00
88D153	31	28	14.00	0.00
88D213	31	28	14.00	0.00
98808	92	2	14.00	0.00
03R839	21	10	14.20	0.00
63001A	14	15	14.20	0.00
03844C	92	6	14.50	0.00
21R801	17	4	14.50	0.00
56R052	84	2	14.50	0.00
82Z003	21	12	14.50	0.00
88D231	31	29	14.50	0.00
71002	21	27	14.70	0.00
82Z003	52	12	14.80	0.00
03844	18	1	15.00	0.00
03F109	31	1	15.00	0.00
03F860	95	1	15.00	0.00
03R050	17	4	15.00	0.00
03R233	83	2	15.00	0.00
04R859	33	7	15.00	0.00
09R845	92	1	15.00	0.00
29F800	84	1	15.00	0.00
41002C	84	4	15.00	0.00
42001H	31	2	15.00	0.00
45811	13	1	15.00	0.00
45848F	31	2	15.00	0.00
56002F	83	3	15.00	0.00
56R803	41	3	15.00	0.00
83R800	12	1	15.00	0.00
86006B	92	1	15.00	0.00
88R834	86	1	15.00	0.00
98R800	01	1	15.00	0.00
56014A	31	2	15.50	0.00
71S006	92	3	15.50	0.00
82R814	17	23	15.50	0.00
88D188	31	31	15.50	0.00
71S011	53	135	15.80	0.00
56014A	52	79	15.90	0.00
03037D	17	1	16.00	0.00
03842H	96	1	16.00	0.00
03F100	84	5	16.00	0.00
03F836	83	1	16.00	0.00
03F860	86	1	16.00	0.00
03R814	84	1	16.00	0.00
03R876	12	2	16.00	0.00
03S003	83	1	16.00	0.00
04019U	84	2	16.00	0.00
07844	13	1	16.00	0.00
07R800	14	4	16.00	0.00
18004	86	2	16.00	0.00
41848C	84	1	16.00	0.00
48810	83	1	16.00	0.00
48D800	84	1	16.00	0.00
52832	13	5	16.00	0.00
56002C	31	2	16.00	0.00
56002F	84	5	16.00	0.00
56002Q	31	1	16.00	0.00
56R874	84	2	16.00	0.00
58R800	02	1	16.00	0.00
68R800	83	2	16.00	0.00
68R801	13	1	16.00	0.00
71003C	14	2	16.00	0.00
71R816	86	1	16.00	0.00
71R845	13	1	16.00	0.00
71V800	13	2	16.00	0.00
82R816	84	2	16.00	0.00
86R845	84	1	16.00	0.00
88R046	84	2	16.00	0.00
68R800	14	3	16.20	0.00
56002P	84	6	16.30	0.00
03819B	92	9	16.50	0.00
21R831	92	3	16.50	0.00
29R829	13	2	16.50	0.00
52R800	18	4	16.50	0.00
88D192	31	33	16.50	0.00
71R843	92	3	16.70	0.00
03R876	84	3	17.00	0.00
04019C	13	3	17.00	0.00
04R853	13	1	17.00	0.00
07847	31	4	17.00	0.00
53001B	13	2	17.00	0.00
63R800	43	1	17.00	0.00
68V800	13	2	17.00	0.00
68V800	31	1	17.00	0.00
82Z002	14	2	17.00	0.00
86R800	02	3	17.00	0.00
03R267	92	4	17.50	0.00
04R854	84	2	17.50	0.00
07001	02	2	17.50	0.00
46832	86	8	17.50	0.00
88D217	31	35	17.50	0.00
99R876	83	4	17.50	0.00
03842H	53	25	18.00	0.00
03F100	83	4	18.00	0.00
03R257	92	5	18.00	0.00
03R800	96	2	18.00	0.00
03R824	84	8	18.00	0.00
07R801	83	2	18.00	0.00
18029E	95	3	18.00	0.00
21R846	13	2	18.00	0.00
42R800	41	2	18.00	0.00
46832M	13	1	18.00	0.00
46R801	31	1	18.00	0.00
58D800	41	1	18.00	0.00
71R853	17	4	18.00	0.00
71R854	41	2	18.00	0.00
71V022	13	3	18.00	0.00
85014F	92	2	18.00	0.00
03003	13	4	18.10	0.00
29R845	21	12	18.50	0.00
56002E	83	4	18.50	0.00
86R800	33	7	18.50	0.00
21844	52	31	18.70	0.00
29C001	31	2	18.70	0.00
03803E	31	5	19.00	0.00
03C001	17	2	19.00	0.00
04842H	13	12	19.00	0.00
09842H	12	7	19.00	0.00
29R829	31	4	19.00	0.00
41R800	13	3	19.00	0.00
45809	13	2	19.00	0.00
68808G	83	1	19.00	0.00
71S004	13	5	19.00	0.00
82Z800	13	1	19.00	0.00
03844B	84	18	19.50	0.00
09R800	33	13	19.50	0.00
09R800	95	4	19.50	0.00
21844	41	1	19.50	0.00
42R258	84	3	19.50	0.00
03037	53	25	20.00	0.00
03803	41	5	20.00	0.00
03842H	18	1	20.00	0.00
03844D	12	1	20.00	0.00
03F800	43	1	20.00	0.00
03R803	86	1	20.00	0.00
04F800	12	1	20.00	0.00
09R800	17	7	20.00	0.00
09R831	92	3	20.00	0.00
18002	12	1	20.00	0.00
18029A	95	1	20.00	0.00
21006	13	1	20.00	0.00
21R831	13	1	20.00	0.00
29001	15	1	20.00	0.00
29C001	41	2	20.00	0.00
42002F	31	1	20.00	0.00
42008A	12	1	20.00	0.00
46832C	41	2	20.00	0.00
48001E	41	1	20.00	0.00
48809A	84	1	20.00	0.00
56002	02	3	20.00	0.00
56008A	43	1	20.00	0.00
56818	84	4	20.00	0.00
56R838	31	5	20.00	0.00
56R841	13	1	20.00	0.00
58R800	31	1	20.00	0.00
61D800	17	2	20.00	0.00
61R800	12	1	20.00	0.00
63R800	33	9	20.00	0.00
71006M	12	1	20.00	0.00
81R800	41	1	20.00	0.00
81R831	13	1	20.00	0.00
82A001	17	1	20.00	0.00
82R816	92	1	20.00	0.00
82R820	41	1	20.00	0.00
82R845	92	1	20.00	0.00
84R800	41	1	20.00	0.00
86006	12	1	20.00	0.00
86006D	83	1	20.00	0.00
86R800	31	1	20.00	0.00
86R800	41	1	20.00	0.00
86R803	01	1	20.00	0.00
98R800	13	2	20.00	0.00
09R845	53	24	20.50	0.00
63001A	92	8	20.50	0.00
71004	83	5	20.50	0.00
85014C	12	3	20.50	0.00
88D197	31	41	20.50	0.00
71R833	52	44	20.70	0.00
03R820	13	1	21.00	0.00
04803	53	5	21.00	0.00
48811F	92	2	21.00	0.00
63001A	84	2	21.00	0.00
86006A	01	3	21.00	0.00
52832B	21	20	21.40	0.00
56008X	21	41	21.50	0.00
03R839	52	128	21.90	0.00
03803	95	5	22.00	0.00
03844	02	3	22.00	0.00
03R820	31	2	22.00	0.00
04R814	13	3	22.00	0.00
04R845	01	4	22.00	0.00
04R858	12	2	22.00	0.00
04R859	43	4	22.00	0.00
09842E	41	2	22.00	0.00
18004	01	1	22.00	0.00
21003	13	1	22.00	0.00
42001P	13	1	22.00	0.00
42002F	13	3	22.00	0.00
56002F	13	4	22.00	0.00
56002P	13	3	22.00	0.00
56008X	33	16	22.00	0.00
68R800	17	7	22.00	0.00
85014	13	2	22.00	0.00
86008	83	2	22.00	0.00
86R834	92	2	22.00	0.00
99R004	92	9	22.20	0.00
09811	84	1	22.50	0.00
83811	92	5	22.50	0.00
82845H	92	4	22.80	0.00
03037	83	5	23.00	0.00
03803A	18	1	23.00	0.00
03R836	84	2	23.00	0.00
04R845	14	3	23.00	0.00
46R800	31	4	23.00	0.00
56D017	92	3	23.00	0.00
56D800	31	3	23.00	0.00
63D012	92	3	23.00	0.00
68V800	41	1	23.00	0.00
71S006	13	4	23.00	0.00
86001	13	7	23.00	0.00
03F110	13	2	23.50	0.00
03F844	41	3	23.50	0.00
21842	92	7	23.90	0.00
03037D	84	2	24.00	0.00
03F800	86	3	24.00	0.00
03R233	95	1	24.00	0.00
03R833	86	1	24.00	0.00
04R803	92	1	24.00	0.00
04R814	31	8	24.00	0.00
04R845	84	1	24.00	0.00
09811	12	2	24.00	0.00
09F800	92	1	24.00	0.00
09R801	31	2	24.00	0.00
09R803	92	1	24.00	0.00
18029D	95	1	24.00	0.00
21004	01	1	24.00	0.00
21006	14	1	24.00	0.00
41002B	95	3	24.00	0.00
41002D	41	1	24.00	0.00
42002A	13	1	24.00	0.00
42002G	31	1	24.00	0.00
42R800	12	1	24.00	0.00
48808	13	2	24.00	0.00
52832P	84	1	24.00	0.00
53001C	92	1	24.00	0.00
56R845	03	1	24.00	0.00
71R845	84	1	24.00	0.00
82R190	96	1	24.00	0.00
82R814	18	1	24.00	0.00
82R841	95	1	24.00	0.00
86R876	95	1	24.00	0.00
03R800	53	16	24.20	0.00
81R800	43	3	24.20	0.00
48810	92	4	24.50	0.00
03037	52	65	24.90	0.00
03842B	41	5	25.00	0.00
03847J	31	4	25.00	0.00
03F800	18	1	25.00	0.00
03S001	95	5	25.00	0.00
07847H	41	2	25.00	0.00
09811	01	1	25.00	0.00
45811	83	1	25.00	0.00
48809	95	2	25.00	0.00
82009	33	19	25.00	0.00
82R833	92	11	25.00	0.00
82Z800	18	1	25.00	0.00
99R008	83	2	25.00	0.00
21R829	52	128	25.10	0.00
68001	52	80	25.10	0.00
56R833	84	6	25.40	0.00
21006	21	17	25.50	0.00
96001	92	3	25.50	0.00
03803B	92	4	26.00	0.00
03R845	02	2	26.00	0.00
04839	13	3	26.00	0.00
42R316	13	2	26.00	0.00
42R833	86	3	26.00	0.00
56008H	13	4	26.00	0.00
63D800	14	2	26.00	0.00
71R801	86	6	26.00	0.00
04019C	14	6	26.50	0.00
42R833	21	42	26.80	0.00
45832	11	1	27.00	0.00
56008X	53	4	27.00	0.00
03R833	83	4	27.30	0.00
04018	52	148	27.40	0.00
03844	01	4	27.50	0.00
21004	14	16	27.50	0.00
71003E	21	102	27.50	0.00
71R833	21	60	27.50	0.00
99R348	95	4	27.50	0.00
03847J	11	1	28.00	0.00
42002F	84	4	28.00	0.00
42845B	01	1	28.00	0.00
56021A	01	1	28.00	0.00
71006	41	1	28.00	0.00
85014A	84	4	28.00	0.00
86007	83	3	28.00	0.00
99R875	83	3	28.00	0.00
99R400	95	14	28.20	0.00
68R800	92	13	28.30	0.00
03R845	92	12	28.50	0.00
04R854	14	28	28.50	0.00
09847	12	14	28.50	0.00
42B800	52	71	28.50	0.00
56R820	31	5	28.50	0.00
71R858	41	4	28.50	0.00
86R801	13	2	28.50	0.00
42R833	52	79	28.90	0.00
03803D	02	2	29.00	0.00
03819U	14	4	29.00	0.00
03F110	84	3	29.00	0.00
04R854	41	2	29.00	0.00
18029F	95	4	29.00	0.00
21C002	31	4	29.00	0.00
42811	83	2	29.00	0.00
45R800	84	3	29.00	0.00
71003K	12	1	29.00	0.00
09803E	41	4	29.10	0.00
56002E	84	15	29.20	0.00
86007	92	4	29.50	0.00
03F800	83	2	30.00	0.00
03R257	84	1	30.00	0.00
03S800	83	1	30.00	0.00
04R320	86	5	30.00	0.00
21003	31	8	30.00	0.00
21008A	18	1	30.00	0.00
48810	95	1	30.00	0.00
56002J	31	3	30.00	0.00
71002	13	1	30.00	0.00
71003B	13	5	30.00	0.00
81R801	92	2	30.00	0.00
82Z003	84	1	30.00	0.00
86007	95	1	30.00	0.00
99R845	96	1	30.00	0.00
04R859	21	76	30.10	0.00
03003A	84	8	30.50	0.00
03803D	43	2	30.50	0.00
56R845	52	82	30.80	0.00
09R816	84	2	31.00	0.00
58R800	17	4	31.00	0.00
63R800	84	3	31.00	0.00
71R834	95	4	31.00	0.00
71V800	14	6	31.00	0.00
86001	31	4	31.00	0.00
56R833	33	19	31.70	0.00
03842C	92	3	32.00	0.00
03C001	11	1	32.00	0.00
03C001	83	1	32.00	0.00
03R814	92	3	32.00	0.00
04R801	13	1	32.00	0.00
04R839	41	1	32.00	0.00
09F828	31	8	32.00	0.00
18R874	02	1	32.00	0.00
41R845	52	52	32.00	0.00
42001F	84	7	32.00	0.00
71003A	11	1	32.00	0.00
71003A	13	6	32.00	0.00
71004	43	1	32.00	0.00
71V800	11	1	32.00	0.00
82009	41	1	32.00	0.00
82Z800	84	1	32.00	0.00
86006E	01	1	32.00	0.00
86R833	52	49	32.00	0.00
86R845	21	49	32.00	0.00
86Z800	83	1	32.00	0.00
88R834	92	1	32.00	0.00
96R800	12	1	32.00	0.00
99R834	13	2	32.00	0.00
45R800	43	1	32.10	0.00
82Z002	21	37	32.10	0.00
83R800	43	3	32.30	0.00
03R833	92	3	32.50	0.00
42B800	21	37	32.50	0.00
99R002	84	8	32.50	0.00
86007	84	10	32.80	0.00
03819B	83	2	33.00	0.00
03842J	31	3	33.00	0.00
03S836	13	4	33.00	0.00
04R853	14	1	33.00	0.00
56002B	92	3	33.00	0.00
56022	12	3	33.00	0.00
71003E	17	7	33.00	0.00
71005	11	2	33.00	0.00
71R858	13	2	33.00	0.00
71R876	92	7	33.00	0.00
81845R	13	7	33.10	0.00
04019X	33	15	33.30	0.00
03847	41	14	33.50	0.00
48809	92	6	33.50	0.00
56R833	21	93	33.50	0.00
56R876	13	6	33.50	0.00
88R019	83	5	33.50	0.00
03037	95	2	34.00	0.00
04018	86	5	34.00	0.00
04019A	86	6	34.00	0.00
71001	41	2	34.00	0.00
71003E	13	4	34.00	0.00
71R834	92	13	34.00	0.00
81845R	31	3	34.00	0.00
82845H	31	6	34.00	0.00
56R833	52	134	34.30	0.00
03F860	84	7	34.50	0.00
03R233	01	7	34.50	0.00
04004U	41	2	34.50	0.00
04847	84	4	34.50	0.00
07R800	83	3	34.50	0.00
07R801	41	3	34.50	0.00
86R800	43	2	34.50	0.00
03819A	96	2	35.00	0.00
03842	15	9	35.00	0.00
03R801	83	5	35.00	0.00
03R845	86	1	35.00	0.00
04C001	31	8	35.00	0.00
09847H	12	10	35.00	0.00
29R829	12	1	35.00	0.00
42001F	86	4	35.00	0.00
56R052	83	1	35.00	0.00
71001	43	2	35.00	0.00
71R800	01	4	35.00	0.00
82A004	86	1	35.00	0.00
86006E	92	4	35.00	0.00
71003K	14	5	35.50	0.00
03037	41	3	35.70	0.00
03F840	17	1	36.00	0.00
03R175	92	1	36.00	0.00
03R874	13	2	36.00	0.00
41R800	17	9	36.00	0.00
42811	13	2	36.00	0.00
56R814	41	1	36.00	0.00
71G012	12	9	36.00	0.00
71R853	33	14	36.00	0.00
83811	83	8	36.00	0.00
86R834	95	1	36.00	0.00
04R800	18	8	36.50	0.00
09844E	33	21	36.50	0.00
56008H	83	4	36.50	0.00
09R800	14	9	36.70	0.00
04019X	14	4	37.00	0.00
09R800	41	2	37.00	0.00
56002M	92	20	37.00	0.00
58R800	96	4	37.00	0.00
82R801	92	10	37.00	0.00
83001A	31	2	37.00	0.00
21844	14	10	37.20	0.00
03S005	13	20	37.40	0.00
07R800	33	15	37.50	0.00
63001A	21	16	37.50	0.00
71R800	33	18	37.50	0.00
82R833	84	4	37.50	0.00
04847	12	11	38.00	0.00
21R801	13	4	38.00	0.00
82845B	41	4	38.00	0.00
96R833	95	1	38.00	0.00
04R800	41	1	38.30	0.00
56R811	14	54	38.50	0.00
71R854	14	57	38.50	0.00
03L860	31	3	39.00	0.00
42001F	31	3	39.00	0.00
56002F	15	4	39.00	0.00
71004	92	9	39.00	0.00
86001	86	4	39.00	0.00
99R003	95	9	39.00	0.00
42R876	92	3	39.30	0.00
04004A	21	62	39.40	0.00
03R857	84	5	39.50	0.00
09803F	41	3	39.50	0.00
81011	13	20	39.70	0.00
03R859	14	66	39.90	0.00
03003A	95	1	40.00	0.00
03803B	95	2	40.00	0.00
03842C	84	1	40.00	0.00
03844B	86	1	40.00	0.00
03844H	83	1	40.00	0.00
03F800	12	2	40.00	0.00
03R225	92	1	40.00	0.00
03R266	86	1	40.00	0.00
03R800	15	7	40.00	0.00
03R845	13	6	40.00	0.00
03R858	86	1	40.00	0.00
04R845	02	7	40.00	0.00
09006B	86	1	40.00	0.00
18029D	86	1	40.00	0.00
42002F	83	3	40.00	0.00
42811	95	2	40.00	0.00
42R875	92	1	40.00	0.00
45R800	92	1	40.00	0.00
46832B	41	6	40.00	0.00
46D800	83	1	40.00	0.00
52R800	13	1	40.00	0.00
56002A	15	1	40.00	0.00
56008X	92	2	40.00	0.00
56014	95	1	40.00	0.00
56818	11	1	40.00	0.00
56D800	84	1	40.00	0.00
56R833	86	1	40.00	0.00
56R845	14	1	40.00	0.00
58D800	95	1	40.00	0.00
71001	84	1	40.00	0.00
71005	84	1	40.00	0.00
71R853	13	1	40.00	0.00
81R800	95	1	40.00	0.00
82845S	83	1	40.00	0.00
86007	86	1	40.00	0.00
03F109	41	4	40.20	0.00
03R801	84	9	40.50	0.00
21R800	33	18	40.60	0.00
71003G	13	2	40.90	0.00
03R234	92	3	41.00	0.00
48811	84	5	41.00	0.00
56014A	12	2	41.00	0.00
71004	84	4	41.00	0.00
86R834	84	2	41.00	0.00
99R833	01	5	41.00	0.00
03F847	13	6	41.10	0.00
09006A	95	2	41.50	0.00
03819A	13	4	42.00	0.00
03842	95	5	42.00	0.00
04019A	52	116	42.00	0.00
52R816	01	1	42.00	0.00
63002	11	1	42.00	0.00
82R820	13	2	42.00	0.00
84R816	92	4	42.00	0.00
86R800	18	2	42.00	0.00
96R800	14	14	42.00	0.00
29R824	43	2	42.20	0.00
56R820	41	2	42.20	0.00
56R836	92	31	42.40	0.00
03803B	84	5	42.50	0.00
04R854	01	6	42.50	0.00
21R800	83	10	42.50	0.00
03803D	01	2	43.00	0.00
48D800	86	8	43.00	0.00
56R814	92	5	43.00	0.00
81011	31	15	43.00	0.00
03F100	13	4	43.30	0.00
29R845	52	130	43.40	0.00
88R845	84	6	43.60	0.00
71R833	33	25	43.90	0.00
03844D	86	2	44.00	0.00
03R282	13	2	44.00	0.00
41B800	13	1	44.00	0.00
41B800	31	5	44.00	0.00
63001A	11	1	44.00	0.00
81845T	13	2	44.00	0.00
86006E	83	3	44.00	0.00
29001	84	14	44.20	0.00
03819	02	4	44.50	0.00
42001H	92	6	44.50	0.00
42818	84	8	44.50	0.00
56R820	13	3	44.50	0.00
03803B	12	3	45.00	0.00
42R800	43	1	45.00	0.00
56D015	02	2	45.00	0.00
71R870	43	3	45.00	0.00
82845L	13	1	45.00	0.00
86R803	02	2	45.00	0.00
42001G	92	10	45.80	0.00
71R836	92	42	45.90	0.00
03R265	31	2	46.00	0.00
03R265	41	3	46.00	0.00
07847H	31	8	46.00	0.00
71002	12	1	46.00	0.00
71003E	18	2	46.00	0.00
71S006	95	2	46.00	0.00
56014A	14	47	46.20	0.00
03847H	92	14	46.40	0.00
41002D	31	4	46.50	0.00
56D015	95	6	46.50	0.00
88R019	03	5	46.50	0.00
42R824	14	50	46.60	0.00
03F860	83	5	47.00	0.00
99R834	95	3	47.00	0.00
29R833	33	35	47.30	0.00
71001A	12	4	47.50	0.00
03819	95	8	47.80	0.00
03003A	86	2	48.00	0.00
03803B	83	2	48.00	0.00
03819B	86	2	48.00	0.00
04847H	12	14	48.00	0.00
09006A	83	1	48.00	0.00
18029D	84	3	48.00	0.00
48811	95	2	48.00	0.00
52D001	02	1	48.00	0.00
56002C	11	1	48.00	0.00
63001A	15	1	48.00	0.00
71R816	83	5	48.00	0.00
82Z003	86	2	48.00	0.00
86R816	92	1	48.00	0.00
99R800	43	3	48.00	0.00
03R859	21	134	48.50	0.00
21005	86	2	48.50	0.00
96R800	13	6	48.50	0.00
42R814	13	15	48.80	0.00
03F836	86	3	49.00	0.00
04R803	01	3	49.00	0.00
41R800	31	3	49.00	0.00
42002F	92	7	49.00	0.00
82845S	31	8	49.00	0.00
85014C	84	9	49.00	0.00
29R829	21	63	49.20	0.00
46832	83	7	49.30	0.00
71V017	52	156	49.40	0.00
82R833	33	18	49.40	0.00
03803	01	4	49.50	0.00
09006A	84	4	49.50	0.00
09803	31	7	49.50	0.00
56008A	13	5	49.50	0.00
86R800	95	6	49.50	0.00
82845B	15	5	49.80	0.00
82Z003	92	14	49.80	0.00
07001	11	2	50.00	0.00
46832D	11	1	50.00	0.00
53001A	84	5	50.00	0.00
56832	11	1	50.00	0.00
68811G	84	1	50.00	0.00
71R800	11	1	50.00	0.00
82818	92	1	50.00	0.00
88R019	01	1	50.00	0.00
09803E	31	7	50.50	0.00
82Z003	83	3	50.50	0.00
03819	12	4	51.00	0.00
99R242	84	4	51.00	0.00
03037	92	10	51.10	0.00
03819A	31	6	51.10	0.00
71003B	33	26	51.30	0.00
48809	83	3	51.50	0.00
71007	21	73	51.50	0.00
03R843	84	2	52.00	0.00
03S876	13	9	52.00	0.00
18R831	92	3	52.00	0.00
86006A	83	3	52.00	0.00
88R845	95	5	52.00	0.00
99R002	86	4	52.00	0.00
03003A	13	9	52.30	0.00
04004D	14	14	52.30	0.00
03R801	17	11	52.50	0.00
03S800	12	53	52.50	0.00
56002E	92	5	52.50	0.00
03003A	52	198	52.70	0.00
03F845	12	1	53.00	0.00
04R800	13	3	53.00	0.00
04R845	43	2	53.00	0.00
53001A	13	7	53.00	0.00
56002A	84	5	53.00	0.00
71003A	84	5	53.00	0.00
86R800	13	2	53.00	0.00
03F800	17	14	53.50	0.00
86006E	31	19	53.50	0.00
68001	41	1	53.90	0.00
04842A	11	2	54.00	0.00
61R831	13	1	54.00	0.00
71R854	13	1	54.00	0.00
83810	92	4	54.00	0.00
52R800	17	10	54.30	0.00
03F836	02	2	54.50	0.00
83R800	13	4	54.50	0.00
03003	31	10	55.00	0.00
46D800	13	4	55.00	0.00
85Z800	02	1	55.00	0.00
86006A	92	7	55.00	0.00
03844H	84	5	55.50	0.00
03F839	12	1	55.50	0.00
56R833	92	8	55.50	0.00
03847H	84	3	56.00	0.00
04R814	84	2	56.00	0.00
21002	33	36	56.00	0.00
56002K	12	3	56.00	0.00
81R801	31	6	56.00	0.00
82012	92	7	56.00	0.00
82A001	11	6	56.00	0.00
82Z002	86	3	56.00	0.00
86002	13	2	56.00	0.00
88R046	92	3	56.00	0.00
82R833	21	108	56.10	0.00
03F860	92	16	56.50	0.00
68001	92	28	56.80	0.00
03842D	13	2	57.00	0.00
03R816	03	3	57.00	0.00
56818	13	4	57.00	0.00
42007	14	8	57.10	0.00
03R858	13	5	57.50	0.00
71R814	13	11	57.50	0.00
71R845	21	121	57.50	0.00
99R004	84	21	57.70	0.00
03R858	92	9	58.00	0.00
09R800	01	5	58.00	0.00
29001	86	3	58.00	0.00
42R833	84	3	58.00	0.00
71003C	84	5	58.00	0.00
71R858	12	3	58.00	0.00
82008	11	1	58.00	0.00
48811F	31	2	58.20	0.00
56D015	84	7	58.50	0.00
04004D	13	4	59.00	0.00
71007	14	2	59.00	0.00
99R803	83	2	59.00	0.00
03819C	21	144	59.80	0.00
03S001	83	4	60.00	0.00
09R839	92	1	60.00	0.00
21R800	86	3	60.00	0.00
29R824	13	1	60.00	0.00
42002F	11	1	60.00	0.00
52001	03	1	60.00	0.00
52R873	92	7	60.00	0.00
56002M	31	3	60.00	0.00
56008A	86	2	60.00	0.00
56R800	95	1	60.00	0.00
68V800	92	1	60.00	0.00
71006	86	1	60.00	0.00
71C001	31	8	60.00	0.00
71R853	41	2	60.00	0.00
82845M	13	1	60.00	0.00
86009	02	1	60.00	0.00
86R800	01	2	60.00	0.00
86R816	01	1	60.00	0.00
86R834	86	1	60.00	0.00
03F845	41	9	60.90	0.00
41R801	92	2	61.00	0.00
71004A	31	5	61.00	0.00
82845C	84	3	61.00	0.00
71003E	14	21	61.20	0.00
03803E	83	4	62.00	0.00
03842J	41	5	62.00	0.00
04019C	83	11	62.00	0.00
21R800	01	3	62.00	0.00
42002A	92	2	62.00	0.00
03R843	86	2	62.50	0.00
41002C	92	8	62.50	0.00
61R800	13	8	62.50	0.00
81010	92	4	62.50	0.00
03844B	41	11	63.00	0.00
03F800	13	2	63.00	0.00
03R050	92	3	63.00	0.00
71009	95	15	63.00	0.00
71R800	43	6	63.00	0.00
03C001	33	23	63.70	0.00
96R800	17	18	63.80	0.00
04004D	86	8	64.00	0.00
21839	83	1	64.00	0.00
56014	21	126	64.00	0.00
03F841	41	3	64.50	0.00
03803A	53	47	64.70	0.00
03842C	83	3	65.00	0.00
61D800	12	2	65.00	0.00
82R814	13	45	65.20	0.00
99R005	03	4	65.20	0.00
03S800	13	67	65.50	0.00
86R824	14	42	65.80	0.00
21R829	41	7	65.90	0.00
03819A	53	128	66.00	0.00
03F110	92	7	66.00	0.00
03R834	95	6	66.00	0.00
71R854	92	8	66.00	0.00
71R839	13	6	66.50	0.00
03F800	14	11	67.00	0.00
03R801	18	9	67.00	0.00
04R801	31	10	67.00	0.00
99R008	92	25	67.50	0.00
81R800	18	5	67.60	0.00
96T800	31	23	68.00	0.00
98T800	84	5	68.00	0.00
04R320	84	14	68.30	0.00
21004	52	261	68.30	0.00
63R801	12	2	68.50	0.00
03803D	13	7	69.00	0.00
03844D	33	30	69.00	0.00
18029F	84	6	69.00	0.00
21C001	92	2	69.00	0.00
42002F	95	11	69.00	0.00
63R800	12	5	69.00	0.00
63R801	31	10	69.00	0.00
71001	92	12	69.00	0.00
29R838	43	1	69.40	0.00
71R839	31	14	69.50	0.00
46R801	12	2	70.00	0.00
86R845	02	4	70.00	0.00
42R876	13	15	71.00	0.00
71R824	14	87	71.50	0.00
82R841	84	4	71.50	0.00
18R874	86	1	72.00	0.00
21008A	83	10	72.00	0.00
42002A	86	1	72.00	0.00
42810	12	1	72.00	0.00
56002B	13	10	72.00	0.00
56008H	84	14	72.00	0.00
83810	11	1	72.00	0.00
88D145	41	9	72.00	0.00
88D256	41	9	72.00	0.00
98808	84	3	72.00	0.00
99R004	95	11	72.00	0.00
03R874	86	2	73.00	0.00
18029F	96	7	73.00	0.00
63R800	31	12	73.00	0.00
82845A	84	6	73.00	0.00
82Z800	83	7	73.00	0.00
96R800	95	4	73.00	0.00
03R839	84	4	73.50	0.00
09842	11	5	73.50	0.00
81R800	83	10	73.50	0.00
71V800	31	14	73.60	0.00
63001A	52	211	73.80	0.00
42R800	01	1	74.00	0.00
52832	83	6	74.00	0.00
53001A	31	2	74.00	0.00
82R814	92	6	74.00	0.00
21R829	21	68	74.20	0.00
82R800	95	9	74.50	0.00
46832	13	8	75.00	0.00
56R814	13	27	75.00	0.00
82008	02	6	75.00	0.00
03F800	92	9	75.20	0.00
71001	52	333	75.80	0.00
03819C	83	6	76.00	0.00
03R266	13	2	76.00	0.00
03R874	83	2	76.00	0.00
09006A	01	3	76.00	0.00
88D216	41	8	76.00	0.00
88D246	41	6	76.00	0.00
98R800	02	5	76.00	0.00
03819B	84	3	77.00	0.00
71C001	12	2	77.00	0.00
88D201	41	11	77.00	0.00
88D212	41	11	77.00	0.00
03803E	11	5	77.20	0.00
42007	52	97	77.70	0.00
03844C	13	2	78.00	0.00
56002D	31	14	78.00	0.00
82845H	13	3	78.00	0.00
98R800	95	8	78.00	0.00
21C002	41	4	78.50	0.00
99R833	14	10	79.00	0.00
04019C	21	111	79.20	0.00
71003E	52	94	79.20	0.00
03R257	83	1	80.00	0.00
09803F	84	1	80.00	0.00
09F828	41	8	80.00	0.00
21006	02	1	80.00	0.00
42007	12	1	80.00	0.00
42809	12	2	80.00	0.00
45848A	11	1	80.00	0.00
56002H	84	2	80.00	0.00
71R853	12	1	80.00	0.00
82008	12	6	80.00	0.00
56008A	84	4	80.30	0.00
03847H	83	13	80.50	0.00
03F845	31	4	81.00	0.00
21005	17	16	81.50	0.00
21842	31	16	81.80	0.00
48D800	92	17	82.40	0.00
86003	83	4	83.00	0.00
03819A	86	3	84.00	0.00
03R175	13	1	84.00	0.00
04004U	84	2	84.00	0.00
99R003	86	4	84.00	0.00
03842	53	62	84.40	0.00
82008	13	3	84.50	0.00
45810	12	2	85.00	0.00
52832	95	7	85.00	0.00
56008H	01	1	85.00	0.00
99R002	95	29	85.00	0.00
03803C	84	3	86.00	0.00
58D800	92	3	86.00	0.00
63001A	01	1	86.00	0.00
86001	84	8	86.00	0.00
88D261	41	7	86.00	0.00
21002	14	113	86.70	0.00
82R845	52	148	87.10	0.00
21R829	31	24	87.20	0.00
21R800	18	44	87.50	0.00
56R838	41	5	87.50	0.00
03819	13	9	88.00	0.00
03S001	84	7	88.00	0.00
07001	01	4	88.00	0.00
09844F	86	11	88.00	0.00
41R800	86	1	88.00	0.00
82845S	84	3	88.00	0.00
83R800	86	3	88.00	0.00
82008	83	21	88.30	0.00
04019X	43	10	88.50	0.00
56002D	41	3	88.50	0.00
71003E	92	8	88.50	0.00
71R838	41	2	89.00	0.00
56R359	92	5	89.50	0.00
03844C	84	5	89.80	0.00
42848F	12	1	90.00	0.00
42R258	92	7	90.00	0.00
52832C	41	11	90.00	0.00
56R838	83	1	90.00	0.00
71002	31	22	90.00	0.00
71009	84	10	90.00	0.00
82R801	11	2	90.00	0.00
99R005	01	4	90.00	0.00
63R800	92	38	90.70	0.00
82R876	92	20	90.70	0.00
03R050	84	6	91.00	0.00
03R824	92	26	91.00	0.00
63R800	41	13	91.00	0.00
82R836	92	79	91.00	0.00
46832	84	30	91.10	0.00
03R834	92	26	91.50	0.00
53001A	83	13	92.00	0.00
71R853	31	3	92.00	0.00
81R800	13	12	92.00	0.00
09803	11	64	92.50	0.00
03844D	83	11	93.00	0.00
42810	11	1	93.00	0.00
68808	13	3	93.00	0.00
03R831	92	8	93.30	0.00
04018	83	34	93.30	0.00
68811	13	4	93.50	0.00
56D800	12	1	94.00	0.00
88D195	41	8	94.00	0.00
42R836	92	107	94.70	0.00
71009	11	15	94.90	0.00
03R263	13	7	95.00	0.00
42001F	11	3	95.00	0.00
56008H	92	10	95.00	0.00
21008	83	8	95.50	0.00
71R800	86	18	95.50	0.00
86003	84	11	95.50	0.00
04019C	02	2	96.00	0.00
99R194	13	72	96.20	0.00
56002	15	5	97.00	0.00
83810	13	7	97.00	0.00
03R874	12	7	97.50	0.00
83001	92	8	98.50	0.00
03F860	14	45	99.00	0.00
56002M	84	4	99.00	0.00
81845T	12	13	99.00	0.00
99R194	96	4	99.00	0.00
03S001	53	503	99.10	0.00
56D800	92	4	99.50	0.00
21008A	53	70	99.80	0.00
21R801	41	5	100.00	0.00
41R801	12	1	100.00	0.00
42848C	12	1	100.00	0.00
04R845	41	9	101.00	0.00
83808	13	3	101.00	0.00
88D189	41	9	101.00	0.00
03R839	41	8	101.10	0.00
46R801	13	5	102.00	0.00
82845P	83	1	102.00	0.00
82A002	84	1	102.00	0.00
88D221	41	14	102.00	0.00
99R845	95	9	102.00	0.00
03S003	12	247	102.10	0.00
56R800	14	15	102.30	0.00
71R876	13	3	102.50	0.00
03003	17	25	102.80	0.00
03R839	31	8	103.00	0.00
88D230	41	13	103.00	0.00
04803	31	10	103.50	0.00
03819C	86	4	104.00	0.00
09803F	83	2	104.00	0.00
21R829	13	10	104.00	0.00
41R800	95	2	104.00	0.00
68R801	12	2	104.00	0.00
03819C	31	26	104.60	0.00
03003	95	7	105.00	0.00
46R800	92	4	105.00	0.00
71009	83	22	105.00	0.00
88D228	41	11	105.00	0.00
88D238	41	15	105.00	0.00
96R800	01	2	105.00	0.00
04R800	14	33	106.00	0.00
21006	83	3	106.00	0.00
04803	11	46	106.50	0.00
88D259	41	18	107.00	0.00
63R800	13	9	108.00	0.00
88D247	41	18	108.00	0.00
88D248	41	18	108.00	0.00
56R845	21	188	108.10	0.00
96T800	83	13	108.60	0.00
09006A	31	20	108.70	0.00
56002L	31	11	108.70	0.00
82R190	83	1	109.00	0.00
88D211	41	14	109.20	0.00
04R854	12	2	110.00	0.00
56818	03	1	110.00	0.00
82012	13	7	110.50	0.00
56R833	43	13	111.00	0.00
88D258	41	14	111.00	0.00
03844H	31	27	111.10	0.00
09006A	13	15	111.70	0.00
42R831	41	4	111.80	0.00
03844	84	23	112.00	0.00
42B800	83	2	112.00	0.00
82R831	92	10	112.00	0.00
84Z800	83	4	112.00	0.00
88D265	41	20	112.00	0.00
82845A	41	4	112.50	0.00
83R800	92	26	113.00	0.00
88D266	41	19	113.00	0.00
03F800	02	9	113.50	0.00
03R874	84	20	113.50	0.00
04C001	13	8	113.50	0.00
41002D	83	7	114.00	0.00
56002M	83	6	114.00	0.00
56R844	14	25	114.00	0.00
88D170	41	15	114.00	0.00
88D235	41	19	114.00	0.00
88D249	41	19	114.00	0.00
88D257	41	19	114.00	0.00
04R854	52	238	114.10	0.00
82818	13	12	114.50	0.00
09844E	52	251	114.90	0.00
03R833	21	219	115.00	0.00
04004A	83	12	115.00	0.00
42B003	11	1	115.00	0.00
86R876	92	15	115.00	0.00
88D160	41	7	115.00	0.00
03R234	84	9	116.00	0.00
18029A	83	18	116.00	0.00
88D191	41	14	116.00	0.00
21008X	52	269	116.50	0.00
42818	92	3	117.00	0.00
88D155	41	16	117.00	0.00
88D237	41	18	117.00	0.00
09844F	33	53	117.10	0.00
03F846	13	7	118.00	0.00
18R874	83	11	118.00	0.00
03R266	92	8	118.50	0.00
21842	12	18	118.50	0.00
21008	53	163	119.40	0.00
03819	83	16	119.50	0.00
21R800	43	9	119.50	0.00
56002F	41	8	119.60	0.00
21004	92	20	120.00	0.00
41848G	11	1	120.00	0.00
42R875	95	5	120.00	0.00
56002A	13	7	120.00	0.00
56008A	83	3	120.00	0.00
56R052	13	1	120.00	0.00
56R838	84	2	120.00	0.00
58D800	83	1	120.00	0.00
81015	12	1	120.00	0.00
82Z800	12	2	120.00	0.00
88D225	41	5	120.00	0.00
04803	84	3	121.00	0.00
18029B	92	8	121.00	0.00
88D255	41	20	121.10	0.00
56002H	13	10	122.00	0.00
21008A	92	16	122.50	0.00
56021A	31	14	122.50	0.00
83R800	17	35	123.00	0.00
03F836	92	13	124.00	0.00
29001	92	14	124.00	0.00
56R800	01	3	124.00	0.00
98T800	92	16	124.20	0.00
41002D	92	21	124.30	0.00
71003G	12	4	124.30	0.00
71R800	83	18	126.00	0.00
09R800	43	6	126.20	0.00
71006	84	15	126.30	0.00
21002	52	546	126.40	0.00
56002F	92	18	127.00	0.00
56021A	11	10	127.00	0.00
81R800	17	45	127.10	0.00
21003	41	9	127.50	0.00
82845G	41	7	128.00	0.00
03819C	52	456	128.10	0.00
42B800	84	8	128.50	0.00
71009	92	14	128.50	0.00
09809	12	2	129.00	0.00
42001F	95	14	129.00	0.00
18R845	86	2	130.00	0.00
04018	13	21	130.70	0.00
48001	83	3	131.00	0.00
21008X	21	278	131.20	0.00
45848C	84	2	132.00	0.00
88D184	41	12	132.00	0.00
41002B	84	15	132.50	0.00
56D017	13	9	132.50	0.00
07001	13	16	133.00	0.00
88D264	41	22	133.10	0.00
21R801	12	8	134.00	0.00
56002A	92	28	134.00	0.00
82008	92	60	134.30	0.00
03803E	13	10	134.80	0.00
21008	92	16	135.00	0.00
21005	18	6	135.50	0.00
42002G	13	6	135.50	0.00
86001	83	9	135.50	0.00
81R800	92	13	136.00	0.00
88D203	41	12	136.00	0.00
07R824	14	124	136.40	0.00
03844	83	8	138.00	0.00
86003	01	6	138.00	0.00
86R800	17	40	138.00	0.00
88D244	41	19	138.00	0.00
71R800	41	9	138.30	0.00
09842	12	45	138.50	0.00
09R800	02	13	138.50	0.00
04019A	21	292	139.00	0.00
41002D	95	10	139.00	0.00
42B003	12	2	139.00	0.00
56002L	41	4	139.00	0.00
83809	13	10	139.00	0.00
98811	11	2	139.00	0.00
98811	12	1	139.00	0.00
99R006	84	53	139.30	0.00
71R844	92	27	139.70	0.00
04019A	83	13	139.90	0.00
03R843	83	7	140.00	0.00
56D800	11	3	140.00	0.00
88D240	41	21	140.10	0.00
03R845	52	504	141.30	0.00
03847	13	23	141.50	0.00
88D222	41	19	142.00	0.00
99R400	83	19	142.00	0.00
88D200	41	11	142.10	0.00
46832P	12	4	143.00	0.00
88D181	41	13	143.00	0.00
82Z003	14	35	143.10	0.00
96T800	14	31	143.10	0.00
21008A	84	7	143.50	0.00
42R800	17	30	143.50	0.00
82R876	13	27	143.50	0.00
71V017	33	53	143.70	0.00
04019C	86	14	144.40	0.00
96T800	52	291	144.40	0.00
03R833	33	75	144.80	0.00
18029C	41	23	145.00	0.00
42832	13	2	145.00	0.00
52832B	41	3	145.10	0.00
41002B	92	18	145.50	0.00
88D253	41	12	146.50	0.00
18029B	13	27	147.50	0.00
56R801	92	16	147.50	0.00
21C001	86	1	148.00	0.00
56002	01	4	148.00	0.00
68811	11	2	148.00	0.00
86006E	84	8	148.00	0.00
09844F	52	372	148.30	0.00
03R282	41	5	149.00	0.00
29001	11	7	149.00	0.00
56002M	13	6	149.00	0.00
04839	84	19	149.10	0.00
04R814	92	12	149.50	0.00
07001	14	51	149.50	0.00
21002	11	4	150.00	0.00
42845B	12	4	150.00	0.00
56R831	92	11	150.00	0.00
82Z800	01	19	150.00	0.00
88D154	41	21	150.00	0.00
99R348	92	5	150.00	0.00
03R876	86	28	151.00	0.00
56002Q	12	5	151.00	0.00
71R833	43	19	151.00	0.00
82R800	33	63	151.70	0.00
29R801	31	23	151.90	0.00
03037	14	19	152.00	0.00
18029E	92	13	152.00	0.00
21R800	14	40	152.00	0.00
56002C	13	2	152.00	0.00
82008	01	14	152.00	0.00
03S001	92	20	153.00	0.00
03819A	52	650	153.50	0.00
42001G	84	8	153.50	0.00
52D001	92	17	153.50	0.00
42R800	13	15	154.00	0.00
04R854	33	72	154.30	0.00
71006	83	17	154.30	0.00
03S002	13	142	154.50	0.00
71R839	41	8	154.70	0.00
18029C	13	20	155.00	0.00
99R876	84	10	155.10	0.00
03844	92	16	155.50	0.00
03R845	84	24	155.50	0.00
03847H	41	13	155.90	0.00
04019A	13	19	156.50	0.00
21844	43	13	157.00	0.00
82845G	92	8	157.00	0.00
42845A	12	6	158.00	0.00
99R348	83	26	158.00	0.00
56002E	31	14	158.50	0.00
63R801	41	5	158.70	0.00
18029C	92	21	159.00	0.00
03R839	83	4	160.00	0.00
03R839	86	1	160.00	0.00
04R853	92	3	160.00	0.00
56R010	84	6	160.00	0.00
82845B	83	8	160.00	0.00
03R233	84	20	160.30	0.00
09R824	14	162	160.30	0.00
71R854	43	12	160.50	0.00
03003	52	645	161.10	0.00
52832	03	16	162.50	0.00
09006B	13	31	162.60	0.00
03R833	52	402	162.90	0.00
03R265	92	6	163.00	0.00
29F800	13	7	163.50	0.00
18R845	84	10	164.00	0.00
88D139	41	20	164.00	0.00
03R833	84	25	164.70	0.00
29R833	43	6	165.00	0.00
41002C	13	16	165.00	0.00
88D164	41	15	165.00	0.00
03847	31	34	165.50	0.00
42001H	13	33	165.50	0.00
03R234	41	11	166.10	0.00
03R845	01	8	167.00	0.00
81010	11	31	167.00	0.00
21008	86	12	167.50	0.00
88D146	41	24	168.00	0.00
48001E	11	3	169.00	0.00
82A001	12	17	169.00	0.00
07R800	43	9	169.20	0.00
56002A	83	7	169.80	0.00
03R860	13	8	170.00	0.00
04F800	01	11	170.50	0.00
03819B	14	45	170.60	0.00
56002B	31	21	171.00	0.00
18R845	83	10	171.50	0.00
82845B	92	33	171.50	0.00
21R803	03	2	171.80	0.00
21R800	31	14	172.50	0.00
18029D	31	35	173.50	0.00
99R400	01	7	174.00	0.00
71003K	13	3	174.50	0.00
07R800	92	19	175.00	0.00
48001E	31	7	175.00	0.00
88R833	83	37	175.50	0.00
03R845	53	115	176.00	0.00
88R451	41	11	176.60	0.00
71003B	12	7	177.00	0.00
03819C	13	5	178.00	0.00
88D219	41	17	179.60	0.00
03842H	41	14	179.90	0.00
03003	96	2	180.00	0.00
56021B	86	6	180.00	0.00
88D171	41	14	180.00	0.00
03003	83	26	180.50	0.00
83R816	01	2	181.00	0.00
48R800	84	17	181.50	0.00
86R800	92	29	181.80	0.00
99R834	83	20	181.80	0.00
03R803	84	54	182.00	0.00
56002H	41	7	182.00	0.00
88D190	41	26	182.00	0.00
03847H	31	32	183.00	0.00
88D147	41	23	183.00	0.00
98T800	11	3	183.00	0.00
56002F	31	28	184.50	0.00
04R845	92	43	184.80	0.00
63R824	14	189	185.00	0.00
21842	53	73	186.00	0.00
18029C	31	35	187.00	0.00
56D015	92	26	187.50	0.00
42001F	83	11	188.00	0.00
29R801	13	11	188.50	0.00
18029D	92	25	189.00	0.00
86007	41	6	189.00	0.00
88D144	41	27	189.00	0.00
71R853	43	15	189.50	0.00
86007	52	343	189.70	0.00
09R803	01	2	190.00	0.00
71V019	12	7	190.00	0.00
68R831	41	1	190.50	0.00
71R800	31	30	192.00	0.00
88D241	41	11	192.00	0.00
88D220	41	11	192.40	0.00
21R800	12	6	192.50	0.00
03R320	86	5	193.50	0.00
88D175	41	11	193.50	0.00
03R839	12	6	194.00	0.00
21R800	41	7	194.00	0.00
21002	21	299	195.40	0.00
21006	33	41	196.00	0.00
56818	12	3	196.00	0.00
71R800	18	42	196.70	0.00
03819A	84	83	197.00	0.00
03R860	86	7	198.00	0.00
71R816	84	18	198.00	0.00
88D180	41	18	198.00	0.00
88D182	41	16	198.50	0.00
88D165	41	11	199.10	0.00
04R320	83	9	199.50	0.00
09R816	01	1	200.00	0.00
42848A	12	1	200.00	0.00
88D176	41	16	200.00	0.00
88D215	41	20	200.00	0.00
88D224	41	20	200.00	0.00
88D227	41	20	200.00	0.00
03819A	83	26	200.50	0.00
52832	86	38	200.50	0.00
03844D	41	30	201.00	0.00
71V800	12	5	201.00	0.00
86002	12	8	201.00	0.00
99R876	86	15	201.00	0.00
03R839	33	70	201.50	0.00
03R843	92	18	203.00	0.00
18029D	13	32	203.50	0.00
21005	83	16	203.50	0.00
41832	12	1	204.00	0.00
09803	13	136	204.60	0.00
63002	13	15	204.70	0.00
71004A	13	5	205.50	0.00
03R833	95	40	205.60	0.00
56008H	31	35	205.60	0.00
04019S	41	11	206.00	0.00
88D223	41	21	206.00	0.00
18029D	41	31	206.10	0.00
82R845	21	596	206.50	0.00
41848F	12	2	207.00	0.00
45848G	12	3	207.00	0.00
85014A	92	18	207.00	0.00
18R800	92	41	208.00	0.00
42R258	83	3	208.00	0.00
63R801	13	11	208.00	0.00
18029A	84	17	209.00	0.00
82845A	92	39	209.50	0.00
88D234	41	21	210.00	0.00
09844E	43	20	210.50	0.00
82845S	41	9	211.00	0.00
88D231	41	29	211.40	0.00
09006A	92	48	211.50	0.00
48810	13	9	212.50	0.00
98R800	83	15	212.50	0.00
85014C	13	4	214.00	0.00
41002D	11	3	215.00	0.00
88D167	41	18	215.00	0.00
07001	83	21	215.50	0.00
88D254	41	27	216.00	0.00
48R831	03	2	217.80	0.00
03R839	13	8	218.00	0.00
42B800	13	15	218.00	0.00
03C001	15	1	220.00	0.00
56021A	92	21	220.00	0.00
88D226	41	20	220.00	0.00
56002C	12	2	222.00	0.00
71004	13	24	222.00	0.00
88D242	41	20	223.50	0.00
99R008	86	3	224.00	0.00
48001D	31	24	225.00	0.00
71003A	14	56	225.30	0.00
71001	21	408	225.50	0.00
88D202	41	14	225.50	0.00
88D233	41	13	227.50	0.00
56002H	31	37	227.80	0.00
41002D	84	24	228.00	0.00
88D187	41	19	228.00	0.00
88D245	41	19	228.50	0.00
56008L	92	14	229.00	0.00
09R845	21	587	229.30	0.00
82R833	43	10	230.00	0.00
03R801	86	18	231.00	0.00
04R814	41	16	231.00	0.00
18002	86	5	231.00	0.00
88D156	41	21	231.00	0.00
88D163	41	15	231.00	0.00
52R800	14	45	231.40	0.00
03F100	92	11	231.50	0.00
04F800	92	26	233.50	0.00
56002A	31	33	233.60	0.00
03003A	12	8	234.00	0.00
88D179	41	18	234.00	0.00
56R800	31	30	234.50	0.00
99R003	84	74	236.10	0.00
03R800	02	29	236.50	0.00
56008X	43	14	236.60	0.00
03R816	84	24	238.50	0.00
41848B	12	1	239.50	0.00
41R800	84	22	239.50	0.00
48R800	83	7	239.50	0.00
09R801	86	1	240.00	0.00
88D251	41	20	240.00	0.00
88R019	86	3	240.00	0.00
63R800	14	18	240.70	0.00
82008	31	58	241.00	0.00
29F800	86	1	242.00	0.00
04842H	12	65	242.50	0.00
99R006	83	19	243.00	0.00
03847H	13	29	243.50	0.00
03803D	83	15	244.00	0.00
88D169	41	20	244.00	0.00
03003	01	11	244.50	0.00
68R801	41	2	244.50	0.00
88D232	41	14	245.00	0.00
03R814	13	29	246.00	0.00
88D173	41	17	246.00	0.00
48811	83	8	246.50	0.00
58D800	86	7	247.00	0.00
86006A	31	136	247.50	0.00
21005	13	49	249.50	0.00
88D151	41	15	250.00	0.00
18029F	83	20	252.00	0.00
82R800	01	11	252.00	0.00
03803D	86	26	252.30	0.00
82012	11	64	253.50	0.00
88D199	41	23	254.00	0.00
04C001	41	6	254.50	0.00
88D178	41	15	255.00	0.00
88D186	41	17	255.00	0.00
71003A	52	410	255.30	0.00
04004A	12	6	256.50	0.00
21002	31	35	256.50	0.00
83811	13	12	258.00	0.00
88D185	41	14	258.00	0.00
03F100	12	5	258.50	0.00
04004A	13	21	259.00	0.00
71001	13	40	259.00	0.00
71006	95	11	259.00	0.00
45808	12	1	260.00	0.00
03R836	92	286	260.10	0.00
68R800	52	419	260.10	0.00
42R801	13	13	261.00	0.00
88D168	41	18	261.00	0.00
56008A	92	3	262.00	0.00
88D239	41	15	262.50	0.00
71004	31	40	263.00	0.00
86008	86	8	264.00	0.00
63D012	31	71	264.50	0.00
99R005	84	50	264.80	0.00
03R803	83	7	267.00	0.00
71003K	33	111	268.50	0.00
82009	14	38	268.50	0.00
03F860	13	25	269.00	0.00
03R320	83	15	270.50	0.00
48001A	31	34	270.50	0.00
82R801	31	40	272.50	0.00
71002	41	10	273.00	0.00
88D158	41	21	273.00	0.00
85014	11	28	273.50	0.00
41R845	92	1	274.00	0.00
86004	12	5	274.20	0.00
48R800	92	24	275.50	0.00
56R800	03	2	276.50	0.00
04004A	52	815	277.80	0.00
03R266	31	37	278.00	0.00
03844C	41	21	279.70	0.00
71R800	84	40	280.30	0.00
88D198	41	22	280.50	0.00
21008	14	188	282.00	0.00
82R800	41	12	282.50	0.00
21R800	13	30	283.00	0.00
09006A	14	133	283.50	0.00
03003	86	10	284.00	0.00
03F098	11	7	284.00	0.00
88D161	41	19	285.50	0.00
04803	13	186	286.00	0.00
21008X	33	219	286.70	0.00
29001	13	26	288.00	0.00
88D174	41	18	288.00	0.00
88D214	41	24	288.00	0.00
71003B	43	26	288.60	0.00
88D243	41	16	289.00	0.00
03R320	84	19	289.40	0.00
71003C	33	142	289.70	0.00
88D183	41	20	290.00	0.00
99R875	86	1	290.00	0.00
29R833	52	1007	290.40	0.00
71003A	21	571	291.60	0.01
99R194	95	40	291.80	0.01
21004	33	189	291.90	0.01
03R263	31	39	292.50	0.01
04018	84	9	292.50	0.01
21842	41	21	292.50	0.01
56014	52	1885	293.00	0.01
82845C	41	6	293.50	0.01
88D172	41	21	294.00	0.01
71003K	31	41	294.70	0.01
56021A	13	9	295.50	0.01
82845C	92	14	295.50	0.01
88D218	41	16	295.50	0.01
71004	41	17	296.00	0.01
84Z002	83	16	296.00	0.01
07001	84	23	296.50	0.01
29R829	14	134	297.00	0.01
88D194	41	17	297.00	0.01
03844	11	11	298.00	0.01
86009	84	15	298.00	0.01
04F800	33	114	299.50	0.01
03819	92	48	299.90	0.01
45848G	11	2	300.00	0.01
88D236	41	18	300.00	0.01
96R831	01	2	300.10	0.01
99R006	95	30	300.50	0.01
03844	31	63	301.20	0.01
21R800	02	14	303.00	0.01
56002B	11	7	304.00	0.01
58R800	83	17	304.10	0.01
68808	11	1	305.00	0.01
88D260	41	14	306.00	0.01
96R801	03	1	306.00	0.01
09006B	31	61	307.00	0.01
03803	18	13	308.50	0.01
29R801	12	12	308.50	0.01
82845B	84	12	309.00	0.01
52832	84	19	310.50	0.01
21R800	92	30	312.00	0.01
21R829	14	287	313.70	0.01
09006B	84	16	313.90	0.01
63D012	13	17	314.00	0.01
88D157	41	21	315.00	0.01
41002B	13	43	316.00	0.01
18R800	84	38	317.50	0.01
42001G	13	25	319.00	0.01
03037B	43	48	319.30	0.01
29R833	21	657	320.00	0.01
88D177	41	15	320.00	0.01
03803	17	57	320.30	0.01
04019B	33	140	323.60	0.01
04R800	01	11	324.50	0.01
82Z002	33	131	325.80	0.01
42845B	11	4	326.00	0.01
88D262	41	15	326.10	0.01
03R233	11	17	327.00	0.01
04019C	01	12	327.00	0.01
71R071	41	2	327.50	0.01
03R875	83	1	328.00	0.01
03037D	12	10	328.50	0.01
21005	92	29	329.00	0.01
63002	31	63	329.00	0.01
84R800	01	16	330.50	0.01
56R800	41	14	330.80	0.01
04004D	83	14	331.10	0.01
85014	84	29	331.50	0.01
52D001	41	5	333.00	0.01
52832B	14	325	333.90	0.01
21006	11	8	334.00	0.01
82Z800	86	11	335.00	0.01
42808	12	1	336.00	0.01
88D213	41	28	336.00	0.01
52R800	92	17	337.00	0.01
56818	92	22	338.50	0.01
03R831	41	6	339.40	0.01
82R874	84	5	340.00	0.01
04R838	84	7	342.00	0.01
48811	13	10	342.00	0.01
99R003	92	55	342.00	0.01
88R451	02	59	345.50	0.01
09006B	92	23	347.10	0.01
21R829	12	14	348.50	0.01
71001B	12	10	350.50	0.01
41810	12	4	351.50	0.01
48809	13	30	351.50	0.01
71R843	95	51	353.50	0.01
03819B	43	65	354.20	0.01
42001F	13	49	355.00	0.01
82R831	01	2	355.00	0.01
09006A	21	703	355.60	0.01
83R831	41	2	356.00	0.01
82S008	12	16	356.50	0.01
03844	13	24	359.00	0.01
03R833	43	29	359.60	0.01
71003A	12	16	359.60	0.01
03803B	86	1	360.00	0.01
04R801	41	20	360.00	0.01
88D166	41	19	360.00	0.01
56002D	12	11	361.00	0.01
86007	33	160	361.50	0.01
88D229	41	20	362.00	0.01
03R267	41	15	363.00	0.01
88D192	41	33	363.00	0.01
04019S	43	14	363.10	0.01
88D188	41	31	363.10	0.01
04R800	33	168	363.40	0.01
56002E	11	8	364.00	0.01
86001	92	8	365.70	0.01
07R800	86	6	366.00	0.01
88D149	41	23	368.00	0.01
71R801	12	12	369.50	0.01
03R803	03	2	370.00	0.01
03819C	41	51	370.80	0.01
88R019	84	24	371.00	0.01
71R844	33	246	371.80	0.01
71001	31	47	372.00	0.01
88D162	41	27	372.00	0.01
03842H	84	27	372.50	0.01
42R800	18	97	373.00	0.01
82R800	31	52	373.40	0.01
99R800	96	48	373.50	0.01
68R800	84	12	374.70	0.01
03844	52	1299	374.90	0.01
04839	83	16	375.00	0.01
42001G	11	11	375.00	0.01
99R845	01	15	375.00	0.01
81R800	86	5	377.00	0.01
04R800	83	41	377.50	0.01
71R839	12	6	377.50	0.01
03R266	41	43	377.90	0.01
56002A	41	7	378.00	0.01
03844C	83	10	378.70	0.01
21002	43	14	382.00	0.01
88D217	41	35	384.50	0.01
88D197	41	41	386.00	0.01
71003G	31	80	387.50	0.01
21006	01	19	388.00	0.01
84Z002	86	12	389.50	0.01
82R800	43	32	390.80	0.01
86R800	83	18	391.00	0.01
56021B	13	22	392.00	0.01
58R800	01	18	392.20	0.01
88D153	41	28	393.30	0.01
03819	84	59	395.80	0.01
88D250	41	20	397.00	0.01
42848B	12	1	400.00	0.01
46D800	86	1	400.00	0.01
04019A	14	145	401.00	0.01
56002	95	16	402.00	0.01
82R800	14	114	403.40	0.01
56D017	31	75	405.50	0.01
99R194	41	12	408.00	0.01
82818	12	20	409.00	0.01
63001A	33	209	412.50	0.01
03R263	92	13	414.00	0.01
03F800	84	23	415.00	0.01
56002	86	3	420.00	0.01
56R838	86	2	420.00	0.01
88D196	41	17	420.00	0.01
99R803	84	30	421.30	0.01
03803D	12	8	421.60	0.01
03803	15	33	422.20	0.01
09844F	43	51	422.30	0.01
88D263	41	19	423.60	0.01
81R801	13	19	427.00	0.01
03842	84	37	427.50	0.01
03037	13	69	430.00	0.01
41848G	12	2	430.00	0.01
03003A	14	138	430.10	0.01
03R800	31	30	430.50	0.01
96T800	41	9	433.00	0.01
03R175	41	3	433.80	0.01
81R801	12	11	435.00	0.01
03803	86	21	435.50	0.01
85014	83	52	436.50	0.01
03844	86	21	437.00	0.01
03R845	41	15	438.10	0.01
03819B	33	168	440.10	0.01
03R803	92	45	441.50	0.01
99R845	03	19	448.20	0.01
04019X	21	766	448.40	0.01
03R263	12	10	450.00	0.01
41848A	12	1	450.00	0.01
48001D	41	36	450.00	0.01
99R342	92	24	450.00	0.01
48809A	12	5	451.00	0.01
03819A	92	67	451.30	0.01
03R874	92	38	452.60	0.01
42R801	12	14	453.50	0.01
99R875	84	15	457.50	0.01
56021A	41	9	457.70	0.01
88D252	41	22	458.50	0.01
04004U	02	3	461.00	0.01
53001B	12	9	461.00	0.01
03R844	14	113	463.40	0.01
71V800	41	14	464.20	0.01
07R800	84	22	468.50	0.01
04R854	43	62	470.50	0.01
21R800	84	25	474.00	0.01
56021A	86	25	474.00	0.01
56R800	33	221	475.60	0.01
21R831	41	14	477.30	0.01
21C001	31	42	477.50	0.01
71R831	41	9	478.40	0.01
88D193	41	24	480.00	0.01
56D015	13	28	480.50	0.01
21R824	14	367	480.80	0.01
03R858	31	39	481.00	0.01
56R876	92	40	482.00	0.01
84R800	83	33	482.50	0.01
18029F	13	56	483.50	0.01
88D159	41	23	486.10	0.01
71004	11	14	486.50	0.01
04004D	01	14	488.00	0.01
04004U	01	1	488.00	0.01
03R871	21	1318	491.80	0.01
04R838	41	2	492.40	0.01
03R263	41	86	492.70	0.01
29R801	41	17	492.90	0.01
68810	12	5	494.50	0.01
71V017	43	58	497.70	0.01
56008A	02	14	498.00	0.01
03803D	92	54	498.30	0.01
42848D	12	3	500.00	0.01
18029E	13	53	501.50	0.01
21C001	12	2	502.00	0.01
56008H	12	4	503.00	0.01
21842	13	89	504.00	0.01
03844H	13	63	509.00	0.01
03003	12	31	510.00	0.01
03844H	43	61	513.10	0.01
04019C	31	115	513.50	0.01
52D001	84	40	513.50	0.01
18029E	12	23	518.50	0.01
03R845	21	1740	518.70	0.01
96T800	13	43	522.30	0.01
03R800	95	57	528.00	0.01
03R845	83	4	529.00	0.01
42008F	11	3	529.00	0.01
84R800	92	64	530.50	0.01
88D152	41	27	533.10	0.01
82R801	13	37	534.70	0.01
03R800	14	83	534.90	0.01
09R831	41	4	537.40	0.01
04R838	01	6	540.20	0.01
18029A	92	100	542.10	0.01
04019A	84	50	542.30	0.01
18029F	92	98	543.00	0.01
56R010	86	7	544.00	0.01
21008A	41	52	548.20	0.01
84R800	86	9	552.00	0.01
21844	21	900	552.50	0.01
71R800	14	36	553.00	0.01
09006B	41	50	557.50	0.01
56002I	11	6	558.00	0.01
21R800	17	156	566.30	0.01
21002	12	24	569.00	0.01
04019C	92	74	570.50	0.01
56002E	13	73	572.40	0.01
86006E	41	28	576.00	0.01
03003	92	58	577.10	0.01
96T800	92	50	579.50	0.01
09006A	41	20	581.50	0.01
18R874	92	40	583.00	0.01
71V022	12	21	587.00	0.01
58R800	86	25	587.50	0.01
48808	11	6	589.00	0.01
99R834	86	8	589.00	0.01
71003U	31	56	589.70	0.01
03842	83	43	593.50	0.01
82012	12	197	595.50	0.01
04019C	84	86	595.60	0.01
56D800	86	6	597.00	0.01
86006	11	7	599.00	0.01
41R800	92	74	605.00	0.01
71003A	33	366	607.70	0.01
85014C	83	10	612.00	0.01
41848C	12	4	612.50	0.01
88R019	92	55	614.50	0.01
03819C	84	42	619.60	0.01
04019B	14	171	624.10	0.01
86003	12	27	627.20	0.01
63D012	12	31	630.00	0.01
03803	53	674	631.10	0.01
71001B	11	22	637.00	0.01
82009	21	1142	637.80	0.01
03003	14	129	646.00	0.01
41809	12	9	646.00	0.01
41B800	12	3	647.00	0.01
96R800	21	1220	648.00	0.01
99R006	92	66	651.50	0.01
03R839	92	73	652.00	0.01
71003E	12	10	652.50	0.01
03R839	43	53	654.80	0.01
03R800	41	33	655.60	0.01
04019C	33	333	657.10	0.01
04R800	43	73	657.10	0.01
82S009	12	24	659.00	0.01
03803A	92	77	659.50	0.01
29R824	14	877	661.20	0.01
03R800	33	276	662.90	0.01
09006B	14	323	664.70	0.01
83R800	84	61	665.80	0.01
83808	12	11	666.50	0.01
48811	92	27	668.00	0.01
68R800	86	9	668.00	0.01
45848F	12	4	669.00	0.01
03R266	12	10	670.00	0.01
41R824	14	800	672.30	0.01
86003	13	23	681.00	0.01
03003	41	16	681.50	0.01
03003A	11	23	682.00	0.01
48811F	13	20	683.00	0.01
21008	33	507	690.40	0.01
41R800	83	19	693.50	0.01
71003B	31	131	694.00	0.01
63D012	41	37	695.50	0.01
42008F	12	7	696.00	0.01
29001	31	108	700.20	0.01
98R800	92	77	701.00	0.01
96T800	86	4	708.00	0.01
03803D	84	40	709.50	0.01
82Z800	92	34	709.70	0.01
99R242	86	2	712.00	0.01
29001	14	815	713.50	0.01
99R342	83	93	716.50	0.01
04839	92	58	716.60	0.01
88R019	02	15	717.00	0.01
99R800	13	188	719.40	0.01
45848B	11	3	720.00	0.01
03844C	33	251	721.20	0.01
82845A	31	62	724.90	0.01
83R800	83	34	726.00	0.01
03F860	12	16	731.00	0.01
03R858	41	73	731.00	0.01
82845C	13	42	731.00	0.01
03803A	83	42	732.50	0.01
04R816	02	47	735.00	0.01
71R801	31	115	735.50	0.01
71R801	13	57	739.30	0.01
03C001	43	45	740.40	0.01
82R801	12	27	744.00	0.01
29F800	12	9	745.00	0.01
45848C	11	4	745.00	0.01
21008	84	57	747.00	0.01
41832	11	3	748.00	0.01
09R800	83	40	762.50	0.01
88R451	01	26	763.00	0.01
84Z002	84	56	764.00	0.01
48R800	95	17	767.00	0.01
48001A	41	52	770.00	0.01
99R348	84	37	777.00	0.01
56R801	31	125	781.50	0.01
71R800	17	201	783.80	0.01
68001	12	13	785.00	0.01
03R858	12	29	786.50	0.01
03037	33	337	788.60	0.01
03037	21	1888	790.50	0.01
21008	01	28	791.50	0.01
71003K	41	35	792.00	0.01
86003	53	192	796.00	0.01
21006	31	113	800.50	0.01
03844H	11	22	801.00	0.01
56008H	86	24	809.00	0.01
04018	01	167	809.60	0.01
03R816	83	22	812.50	0.01
03842C	41	54	813.10	0.01
82845G	11	15	815.00	0.01
07001	92	90	816.80	0.01
03R803	02	90	821.00	0.01
56D017	41	31	822.00	0.01
21008	21	1155	827.80	0.01
03F836	13	111	828.00	0.01
71R844	52	3846	832.30	0.01
86003	11	24	833.40	0.01
18029B	12	65	838.00	0.01
85014	92	46	839.70	0.01
21005	01	66	841.00	0.01
88R833	95	57	841.00	0.01
99R002	92	49	843.50	0.01
58D800	84	25	845.50	0.01
18004	96	87	846.00	0.01
03803E	12	98	848.00	0.01
21C001	13	38	849.00	0.01
42848D	11	4	849.00	0.01
81845R	11	169	849.20	0.01
71R800	13	71	852.00	0.01
82R824	14	733	855.50	0.01
42832	11	4	860.00	0.01
82R800	12	44	868.50	0.01
52832B	52	1412	873.40	0.01
03842H	92	183	877.00	0.02
86007	14	289	877.90	0.02
82845G	31	83	880.00	0.02
96R800	83	41	881.50	0.02
82845A	11	27	889.00	0.02
56R824	14	689	889.20	0.02
71003U	41	69	895.20	0.02
99R803	92	43	895.50	0.02
03803A	84	62	900.50	0.02
82008	84	99	902.50	0.02
03C001	13	41	904.50	0.02
03844D	92	60	907.40	0.02
56002J	12	27	911.00	0.02
98T800	01	5	920.00	0.02
04004D	84	64	920.60	0.02
42008G	11	5	921.00	0.02
03819	11	33	926.10	0.02
42002A	12	7	929.00	0.02
09006B	01	3	930.00	0.02
18029A	13	218	933.50	0.02
56002	83	77	936.50	0.02
56021B	92	116	939.30	0.02
04004A	14	366	943.80	0.02
82R320	92	39	946.30	0.02
42008G	12	8	947.00	0.02
81010	12	83	947.40	0.02
03R876	92	139	952.10	0.02
29F800	31	122	952.70	0.02
82845S	11	80	962.70	0.02
03R816	92	41	970.50	0.02
82Z002	43	129	971.10	0.02
03R233	92	45	973.90	0.02
99R845	83	66	989.60	0.02
04R854	92	67	992.10	0.02
82845C	31	114	995.50	0.02
53001A	11	18	1002.00	0.02
56008A	01	7	1003.00	0.02
58R800	92	109	1012.70	0.02
56R800	43	77	1016.10	0.02
71005	12	20	1022.00	0.02
71001	14	88	1022.50	0.02
86001	12	62	1030.50	0.02
48811F	11	7	1041.00	0.02
03803A	13	122	1046.50	0.02
42B800	92	11	1050.50	0.02
45809	12	15	1051.00	0.02
04004A	84	47	1059.30	0.02
03R816	02	45	1061.00	0.02
03R800	12	54	1071.00	0.02
71R800	12	29	1071.40	0.02
99R876	92	61	1076.90	0.02
18R845	03	17	1088.90	0.02
56008H	41	46	1093.70	0.02
18R834	92	128	1102.00	0.02
46832	92	185	1113.90	0.02
03003	84	102	1128.40	0.02
71R800	92	106	1142.50	0.02
99R194	83	99	1142.70	0.02
04019A	92	89	1143.30	0.02
04004A	86	15	1165.00	0.02
03R803	01	67	1168.10	0.02
56R010	92	83	1170.00	0.02
86007	21	1567	1174.90	0.02
71003C	43	158	1175.70	0.02
42R800	83	57	1178.90	0.02
81R800	84	146	1181.30	0.02
03003	11	38	1185.50	0.02
03842	92	76	1187.70	0.02
21C001	41	42	1190.30	0.02
03S836	12	52	1191.10	0.02
82R801	41	48	1192.90	0.02
03844	12	100	1193.40	0.02
09006B	21	2353	1196.30	0.02
48001D	11	13	1208.50	0.02
56002L	12	24	1212.00	0.02
18029A	41	184	1213.80	0.02
82845B	31	162	1217.70	0.02
09006A	33	609	1226.40	0.02
18029C	12	78	1228.60	0.02
41002D	13	172	1240.90	0.02
99R834	84	165	1243.10	0.02
71S011	13	445	1243.20	0.02
04004A	01	23	1250.00	0.02
82008	41	56	1252.60	0.02
29001	41	70	1256.70	0.02
04018	92	258	1258.40	0.02
03842H	31	165	1261.50	0.02
82845B	13	144	1264.00	0.02
99R008	84	127	1271.80	0.02
96T800	84	96	1274.30	0.02
99R834	92	138	1278.00	0.02
71004A	12	41	1283.50	0.02
71R844	43	229	1284.40	0.02
21005	84	199	1299.40	0.02
56021A	12	53	1301.50	0.02
03L860	41	157	1301.80	0.02
04R800	84	123	1307.20	0.02
42848F	11	5	1310.00	0.02
99R002	13	204	1311.70	0.02
84Z002	92	64	1314.10	0.02
82Z003	33	574	1315.80	0.02
04839	01	18	1316.50	0.02
56R801	12	37	1317.50	0.02
03803A	31	155	1321.30	0.02
03C001	31	94	1324.70	0.02
03842D	41	70	1329.90	0.02
03842H	83	124	1341.00	0.02
03819C	14	404	1351.50	0.02
56002	84	126	1366.50	0.02
82845G	13	25	1372.00	0.02
99R005	86	22	1373.00	0.02
56R011	92	4	1380.00	0.02
82008	86	41	1386.00	0.02
45848C	12	6	1398.00	0.02
18R845	92	78	1407.00	0.02
03F846	41	103	1407.50	0.02
71003B	41	130	1408.00	0.02
86R800	84	60	1420.50	0.02
18029A	31	273	1424.10	0.02
86003	92	151	1427.50	0.02
71R816	02	24	1430.00	0.02
18003	86	16	1433.00	0.02
56021B	11	63	1448.50	0.02
56D015	31	161	1450.50	0.02
71R844	14	147	1457.40	0.03
03C001	86	37	1461.00	0.03
21006	43	37	1468.70	0.03
56843	12	23	1474.00	0.03
04018	31	190	1487.10	0.03
56R800	12	52	1487.60	0.03
88R833	92	191	1508.60	0.03
56008A	31	268	1510.50	0.03
56008H	33	736	1518.60	0.03
41811	12	14	1527.50	0.03
68808	12	17	1530.00	0.03
42848B	11	5	1533.00	0.03
53001C	12	28	1538.00	0.03
42848A	11	5	1540.00	0.03
04019B	43	128	1546.50	0.03
48810	11	15	1551.00	0.03
71006	92	182	1554.20	0.03
71003E	33	607	1558.60	0.03
03803A	41	140	1558.90	0.03
63002	12	44	1565.50	0.03
03803B	31	159	1581.80	0.03
21839	31	82	1586.50	0.03
03842H	13	285	1595.70	0.03
71009	13	278	1595.90	0.03
56002	31	215	1604.10	0.03
99R876	13	310	1607.00	0.03
58R800	84	122	1614.10	0.03
86006D	41	7	1620.00	0.03
56R011	95	14	1621.00	0.03
98R800	84	117	1625.00	0.03
04R831	41	31	1626.60	0.03
21008	13	192	1627.50	0.03
71R844	21	5952	1637.60	0.03
63001A	13	66	1640.30	0.03
45811	11	16	1657.00	0.03
71003G	41	76	1661.00	0.03
56002L	11	23	1663.00	0.03
21008A	11	32	1679.00	0.03
56R801	13	90	1695.50	0.03
04019C	41	301	1704.40	0.03
82845A	13	232	1707.20	0.03
56014	14	218	1707.40	0.03
99R005	92	207	1708.00	0.03
03847	11	69	1710.50	0.03
98R800	86	19	1712.00	0.03
03R843	95	67	1713.50	0.03
04R800	92	182	1713.50	0.03
04018	14	202	1719.80	0.03
82R831	41	41	1722.90	0.03
86006A	41	123	1730.60	0.03
03037	31	258	1745.40	0.03
71003A	43	357	1746.00	0.03
82R816	01	41	1748.00	0.03
45848D	12	12	1749.00	0.03
03803	83	165	1751.20	0.03
04004D	31	718	1756.30	0.03
21005	33	1454	1758.10	0.03
68001	11	29	1770.00	0.03
82009	52	4256	1770.30	0.03
03R801	31	241	1792.80	0.03
09R800	86	23	1804.50	0.03
21R816	01	9	1825.00	0.03
03F800	41	100	1847.50	0.03
42B800	12	50	1848.60	0.03
86007	43	170	1857.90	0.03
41002C	12	62	1882.20	0.03
09803	12	615	1885.20	0.03
04019C	43	360	1890.90	0.03
21005	53	2343	1898.50	0.03
56002	13	179	1905.50	0.03
03803B	41	154	1931.30	0.03
56R800	13	121	1936.20	0.03
29001	33	1046	1938.60	0.03
42848G	12	13	1952.00	0.03
71003K	43	109	1952.10	0.03
96R833	14	668	1965.60	0.03
03R813	01	9	1966.00	0.03
86001	11	59	1967.50	0.03
03S004	12	175	1970.00	0.03
82008	52	4924	1972.90	0.03
96R800	84	278	1975.60	0.03
18002	84	185	1976.50	0.03
03F800	31	72	1984.00	0.03
56843	11	38	1991.50	0.03
99R194	01	79	1993.00	0.03
03819A	14	667	2013.70	0.03
56R800	83	142	2013.80	0.03
63001A	31	418	2016.50	0.03
82008	33	859	2023.90	0.03
68001G	11	30	2027.50	0.03
82R800	86	47	2035.50	0.03
03R800	43	190	2047.90	0.04
21008	52	5229	2053.50	0.04
29R831	41	46	2059.40	0.04
04F800	31	892	2081.70	0.04
18004	84	214	2096.00	0.04
96R800	92	160	2096.00	0.04
99R833	86	97	2096.60	0.04
46R800	84	78	2117.30	0.04
86R800	86	39	2131.00	0.04
18004	83	165	2135.50	0.04
56002I	12	30	2156.50	0.04
96R800	86	37	2156.50	0.04
71R801	41	134	2203.80	0.04
21002	41	40	2235.10	0.04
99R845	86	122	2259.00	0.04
99R800	03	47	2259.20	0.04
03847H	11	81	2270.00	0.04
99R400	84	252	2288.10	0.04
42848G	11	12	2304.00	0.04
04839	31	84	2329.00	0.04
03842	13	334	2340.80	0.04
03842	31	262	2354.50	0.04
03003A	33	1040	2357.60	0.04
56002	41	56	2360.00	0.04
09006A	52	9966	2372.10	0.04
71R816	92	94	2380.00	0.04
71003A	31	434	2390.60	0.04
82R800	83	145	2395.80	0.04
71R843	13	389	2406.40	0.04
09R800	92	173	2407.10	0.04
63001A	12	98	2417.00	0.04
21008A	13	225	2420.70	0.04
99R400	92	396	2426.70	0.04
21004	43	208	2435.60	0.04
04F800	43	134	2440.10	0.04
21008A	31	396	2444.60	0.04
21005	14	1990	2488.10	0.04
42R800	84	186	2499.60	0.04
21005	11	891	2500.50	0.04
42R800	92	379	2523.40	0.04
03F846	31	92	2546.00	0.04
04004U	95	8	2561.50	0.04
52832	92	982	2580.70	0.04
56002	92	472	2627.40	0.05
45832	12	5	2635.00	0.05
99R833	92	496	2643.30	0.05
03803	92	294	2651.80	0.05
46832	41	9	2670.00	0.05
82R800	13	252	2686.10	0.05
03844B	43	465	2699.00	0.05
04803	12	741	2699.40	0.05
71003C	31	526	2703.80	0.05
04019B	21	7837	2708.10	0.05
03819	86	77	2716.00	0.05
42811	11	27	2719.00	0.05
42R800	86	6	2720.00	0.05
03F847	41	190	2720.60	0.05
21008X	43	234	2740.00	0.05
09006B	33	1675	2752.40	0.05
83811	11	30	2759.00	0.05
21008	31	498	2775.20	0.05
52832P	12	45	2807.50	0.05
03F836	41	229	2823.90	0.05
48001	31	404	2867.00	0.05
03803	31	446	2874.50	0.05
07R816	01	6	2910.00	0.05
71003A	41	442	2917.60	0.05
99R833	84	465	2941.20	0.05
68811	12	41	2948.00	0.05
21006	12	41	2950.50	0.05
99R845	84	482	2956.20	0.05
03003A	21	4817	2977.30	0.05
03003	33	1432	3001.60	0.05
63R831	41	143	3004.50	0.05
03R801	12	138	3019.90	0.05
99R845	92	273	3065.30	0.05
56D015	41	88	3092.70	0.05
03C001	41	127	3123.10	0.05
03S005	12	221	3135.60	0.05
56002P	12	69	3144.50	0.05
03F860	21	7013	3158.40	0.05
29001	12	176	3169.20	0.05
99R833	83	330	3197.40	0.05
56008L	31	622	3213.40	0.06
83001A	11	66	3243.00	0.06
56002H	11	48	3263.00	0.06
03F836	31	210	3271.30	0.06
21005	31	522	3303.10	0.06
03F860	33	1482	3306.70	0.06
99R803	01	87	3311.80	0.06
21839	41	3603	3326.40	0.06
48001A	11	32	3362.50	0.06
85014A	13	371	3368.30	0.06
71003E	31	532	3386.00	0.06
03F110	31	423	3386.50	0.06
71G011	12	732	3386.60	0.06
21008	11	76	3387.30	0.06
56R800	18	537	3391.10	0.06
09R800	84	296	3417.00	0.06
03C001	12	33	3419.50	0.06
42811	12	44	3421.70	0.06
04R800	86	246	3430.80	0.06
99R342	84	360	3458.00	0.06
03847	12	203	3460.20	0.06
03R801	92	200	3483.50	0.06
46832M	12	29	3491.00	0.06
82845S	12	206	3507.80	0.06
56R800	86	67	3520.00	0.06
29F800	41	222	3598.70	0.06
56R801	41	145	3602.40	0.06
18029D	12	218	3604.00	0.06
83001	11	63	3625.80	0.06
03R800	13	386	3641.50	0.06
56021B	12	129	3680.70	0.06
81011	11	563	3702.10	0.06
82R800	92	596	3729.10	0.06
03R801	41	250	3772.40	0.06
82845H	11	49	3802.90	0.07
03037D	41	293	3844.40	0.07
96R831	41	63	3891.50	0.07
03F846	12	57	3928.50	0.07
86008	92	90	3974.00	0.07
86009	92	131	3980.20	0.07
03R800	01	130	4012.80	0.07
56R800	92	592	4040.50	0.07
48001	41	284	4064.00	0.07
56008H	52	10576	4132.90	0.07
83001A	12	75	4193.30	0.07
03R801	13	289	4208.70	0.07
03F847	12	58	4244.30	0.07
45848D	11	19	4263.00	0.07
03F847	31	195	4268.70	0.07
48001A	12	58	4380.00	0.08
56002B	12	100	4381.00	0.08
09006B	52	15561	4391.80	0.08
82Z003	43	615	4461.50	0.08
84R800	84	558	4470.20	0.08
04004A	92	390	4541.90	0.08
82845C	11	66	4549.00	0.08
18003	83	187	4569.00	0.08
21008	43	491	4578.60	0.08
03R824	14	3156	4607.90	0.08
03803	84	456	4608.00	0.08
48808	12	43	4616.00	0.08
63001A	43	236	4654.20	0.08
18003	96	179	4692.00	0.08
96T800	12	88	4778.00	0.08
71003C	41	608	4837.10	0.08
96R831	03	46	4846.60	0.08
07001	33	2064	4872.10	0.08
18029F	12	461	4901.40	0.08
04004D	92	346	4931.10	0.08
03003	21	9470	4983.40	0.09
52R800	84	210	5003.00	0.09
03R800	18	598	5023.10	0.09
52D001	03	350	5029.50	0.09
71S012	12	801	5039.00	0.09
21006	41	54	5058.10	0.09
04019A	33	2167	5083.50	0.09
04018	33	2022	5176.10	0.09
46832M	11	27	5197.00	0.09
21005	12	807	5200.10	0.09
03819C	92	183	5286.10	0.09
03F110	41	421	5302.30	0.09
03844D	43	569	5302.80	0.09
03819B	21	25514	5313.50	0.09
71009	31	1022	5377.60	0.09
03R843	13	585	5442.40	0.09
18002	96	285	5466.10	0.09
21005	41	706	5484.60	0.09
82845H	12	80	5488.60	0.09
56002M	11	69	5522.00	0.09
84R816	01	290	5528.70	0.09
99R800	95	635	5541.70	0.10
04018	41	284	5553.10	0.10
03S001	13	2363	5586.00	0.10
42001F	92	35	5613.70	0.10
71009	41	1045	5694.40	0.10
81845R	12	542	5730.40	0.10
71003E	41	615	5779.90	0.10
71006	31	629	5783.80	0.10
83001	12	117	5839.50	0.10
29001	21	14515	5853.50	0.10
03R876	13	2446	5900.40	0.10
03F098	33	2077	6143.30	0.11
42R833	14	1666	6252.00	0.11
03037	11	180	6254.20	0.11
18003	84	345	6292.00	0.11
82008	14	3163	6350.00	0.11
03003A	43	1075	6496.70	0.11
71001	11	115	6513.50	0.11
63001A	41	353	6524.30	0.11
99R194	86	234	6584.00	0.11
83809	12	104	6608.30	0.11
71006	13	807	6629.20	0.11
04019A	31	1373	6639.00	0.11
99R194	84	1328	6726.90	0.12
71R816	01	74	6735.00	0.12
03037D	43	360	6866.00	0.12
71003E	43	699	6953.00	0.12
82R800	18	957	7225.30	0.12
29001	52	18917	7248.00	0.12
09006A	43	575	7300.20	0.13
21005	21	15158	7568.90	0.13
03819A	33	3749	7856.40	0.13
03844	14	2186	7865.20	0.14
45811	12	102	7901.30	0.14
99R194	03	128	7910.70	0.14
56002M	12	71	7938.50	0.14
04R824	14	6055	8002.60	0.14
18002	83	393	8114.30	0.14
71S004	12	597	8131.60	0.14
03844H	12	463	8380.00	0.14
42832	12	72	8393.00	0.14
83810	12	94	8483.50	0.15
71S006	12	541	8511.80	0.15
42002F	12	161	8553.00	0.15
82R800	84	709	8640.10	0.15
56002F	12	126	8721.70	0.15
42002G	12	189	8736.20	0.15
71004	12	301	8764.80	0.15
03847H	12	296	8771.60	0.15
03842	11	355	8898.30	0.15
03803D	31	617	9353.30	0.16
04004A	31	2267	9759.70	0.17
03842H	11	369	10056.10	0.17
21008	41	630	10057.00	0.17
07001	31	1799	10326.60	0.18
85014	12	1370	10393.70	0.18
56008H	14	1481	10410.50	0.18
48001	12	140	10541.40	0.18
48001	11	134	10595.50	0.18
03R800	83	690	10686.50	0.18
56002H	12	201	10745.00	0.18
04F800	41	869	10768.10	0.18
04R816	01	267	10807.00	0.19
03R800	86	335	10852.70	0.19
21008	12	280	11087.10	0.19
03R320	92	854	11241.70	0.19
03803A	11	310	11249.00	0.19
21005	43	1164	11311.30	0.19
53001A	12	157	11467.90	0.20
03F100	31	1614	11576.60	0.20
03037	12	572	11627.40	0.20
03803D	41	939	11642.70	0.20
48810	12	112	11658.90	0.20
86R833	14	3752	11710.50	0.20
56D017	12	67	11805.40	0.20
99R400	86	224	12052.50	0.21
07001	41	1829	12456.50	0.21
56R800	17	3114	12488.10	0.21
03R800	17	3187	12707.20	0.22
03003	43	1506	12766.20	0.22
48809	12	190	12866.80	0.22
46832	11	250	13163.60	0.23
09006B	43	1659	13341.70	0.23
52832	12	221	13524.50	0.23
18004	92	1514	13639.80	0.23
84Z002	01	428	13649.00	0.23
18003	92	1447	13660.00	0.23
96T800	01	320	13770.20	0.24
03F836	12	305	13778.40	0.24
04019A	41	1415	13894.60	0.24
81011	12	1761	14268.50	0.25
56002E	12	419	14473.00	0.25
04004A	41	2347	14492.20	0.25
18029A	12	955	14544.50	0.25
85014C	92	1214	14671.60	0.25
56008H	21	27251	14693.10	0.25
29001	43	955	15082.30	0.26
56R800	84	823	15119.10	0.26
56008H	43	672	15136.60	0.26
71001	12	355	15236.50	0.26
82845G	12	165	15281.60	0.26
07001	43	2057	15420.10	0.26
03844	21	31790	15474.80	0.27
04R320	92	775	15498.60	0.27
56008A	41	353	15526.00	0.27
46832	12	246	15543.00	0.27
03F098	43	2195	15603.10	0.27
82008	21	43919	15844.80	0.27
82008	43	754	16025.50	0.28
18002	95	1302	16453.00	0.28
03F100	41	1683	16656.10	0.29
03844	33	5593	16889.20	0.29
42001H	12	741	17176.50	0.29
04R838	03	124	17202.60	0.30
04004A	33	9430	17249.80	0.30
03844C	43	3506	17381.60	0.30
03F860	43	1512	17668.50	0.30
03819C	33	6883	17762.80	0.31
56002A	12	136	17893.70	0.31
71R833	14	3140	18562.60	0.32
03S002	12	1923	18830.90	0.32
41002B	12	555	19009.80	0.33
18004	95	1069	19112.60	0.33
18003	95	1034	19314.10	0.33
52832	11	314	19409.50	0.33
99R800	01	666	19611.60	0.34
56R838	03	119	19856.70	0.34
03F860	31	2510	20198.80	0.35
99R833	95	2753	20471.80	0.35
42001G	12	548	20604.20	0.35
03R816	01	550	22556.70	0.39
03R800	92	3088	22589.00	0.39
04019A	43	2165	22689.90	0.39
41002D	12	664	23113.90	0.40
56002A	11	237	23389.30	0.40
48811F	12	186	24059.00	0.41
03F860	41	2418	24633.40	0.42
03844	43	2981	25160.60	0.43
48811	11	252	25431.20	0.44
03803A	12	662	25853.40	0.44
56008L	41	523	26515.40	0.46
03819A	43	3759	27143.50	0.47
18002	92	2004	27149.50	0.47
04004D	41	1118	27533.30	0.47
03842	12	1545	28377.60	0.49
29R833	14	7009	29422.00	0.51
82845C	12	260	29915.20	0.51
99R194	92	2895	30243.90	0.52
71S011	12	8767	34013.00	0.58
21008A	12	607	36509.50	0.63
04018	43	2106	40002.20	0.69
03842H	12	1623	41347.10	0.71
56R831	41	908	41351.40	0.71
21005	52	126078	41701.90	0.72
42001F	12	721	42244.70	0.73
04839	41	6417	42511.00	0.73
48811	12	490	45237.90	0.78
99R800	83	4261	47072.00	0.81
56002	11	717	48196.50	0.83
99R800	97	2259	49318.10	0.85
04004A	43	9476	49568.90	0.85
03R800	84	4193	54212.30	0.93
82845A	12	1455	54883.60	0.94
56002F	11	726	55339.10	0.95
03803	11	1732	56239.40	0.97
03819C	43	7451	56393.00	0.97
56R833	14	9073	56414.40	0.97
82845B	11	1014	62768.70	1.08
56002	12	832	67375.40	1.16
03819A	21	213522	68172.80	1.17
82845B	12	1273	76148.20	1.31
99R800	86	4118	87632.60	1.50
85S001	12	15738	100194.30	1.72
82R833	14	14459	111333.00	1.91
03S001	12	17732	125773.10	2.16
99R800	92	26715	130927.00	2.25
03R833	14	23813	221050.90	3.80
03803	12	9785	225521.90	3.87
99R800	84	37188	294720.00	5.06
