266
569
227
207
640
114
510
690
317
136
388
486
184
402
235
458
248
354
472
137
1016
616
288
163
201
287
223
422
728
128
419
173
632
235
156
242
97
300
566
147
720
490
1040
423
953
679
408
584
168
280
674
203
228
211
138
755
360
391
112
547
254
216
900
288
192
258
366
576
703
640
293
293
652
243
413
318
821
92
179
322
148
290
296
480
233
174
483
148
245
644
333
18
387
412
404
211
257
418
330
650
565
466
220
501
294
567
244
695
220
167
269
453
390
156
203
601
495
820
365
310
342
407
383
778
268
271
447
523
226
355
597
525
312
240
273
396
191
554
160
286
267
416
350
540
416
231
553
266
286
641
242
696
257
334
335
154
456
191
187
276
255
411
333
261
199
915
573
334
180
182
195
48
413
54
353
84
256
328
40
298
237
435
448
170
368
286
115
230
363
596
428
508
439
480
510
808
859
302
285
462
338
454
388
218
452
181
649
438
171
228
256
215
137
276
308
275
126
759
886
205
303
139
194
418
488
379
198
366
8
593
302
291
351
371
294
407
354
283
443
335
216
77
934
289
235
232
290
276
468
261
538
227
455
178
346
222
371
74
100
358
324
225
220
788
184
416
320
317
363
179
528
201
367
445
481
44
481
381
610
40
160
419
149
296
233
436
40
723
307
321
688
416
348
334
176
445
864
382
473
424
506
289
18
959
620
335
290
269
847
303
456
178
987
582
302
319
259
260
436
414
221
432
289
326
332
159
396
328
443
350
103
258
231
381
229
325
207
242
232
799
150
368
103
306
441
196
218
300
389
89
356
166
199
216
544
323
140
293
317
229
642
283
192
244
339
628
129
104
945
138
419
311
73
371
445
260
285
442
680
396
400
462
317
598
271
284
826
267
302
246
174
474
447
540
206
816
353
378
1040
468
678
307
207
280
622
346
297
370
288
224
182
172
344
307
229
378
187
629
322
268
229
517
182
81
153
169
291
136
314
249
360
151
259
461
247
269
320
800
247
121
408
168
332
216
1056
136
269
303
277
369
215
1040
505
218
174
217
228
506
167
226
141
283
240
430
298
1046
136
226
297
222
237
384
200
390
338
650
389
351
470
235
228
974
435
333
171
433
8
224
389
366
196
198
675
705
315
423
316
359
259
221
445
401
397
510
484
224
171
285
321
177
712
290
485
156
114
371
209
297
328
84
243
390
257
323
207
182
583
486
291
174
325
435
704
645
234
233
251
776
287
664
256
335
445
354
193
286
