471
813
934
530
374
290
832
630
554
832
527
827
742
825
717
385
931
24
768
753
817
618
69
888
487
868
400
805
558
795
944
732
474
893
289
552
439
87
373
636
440
896
7
151
827
813
781
16
251
490
169
940
452
786
801
141
640
744
9
666
345
681
394
789
641
706
221
238
593
892
591
744
560
19
894
92
396
471
143
35
643
633
763
783
600
340
404
480
574
852
561
738
484
796
344
743
85
211
587
23
836
797
412
489
140
679
584
29
628
631
134
772
785
732
517
701
685
427
277
596
801
644
157
491
780
754
774
454
701
294
646
4
473
774
754
399
798
28
467
707
382
381
852
845
756
785
648
724
833
45
467
666
860
746
992
610
842
12
633
800
642
742
829
637
599
854
651
755
203
69
444
612
3
601
8
500
181
755
702
607
662
822
573
895
288
603
870
813
799
838
903
764
588
601
277
162
836
525
709
226
636
486
515
826
18
365
784
737
695
547
741
633
244
755
654
547
824
596
114
615
808
755
562
404
396
251
652
863
699
831
552
194
940
522
716
815
812
261
839
624
653
479
786
719
472
2
10
567
609
263
840
487
891
741
593
599
1008
237
753
829
248
449
709
666
864
576
174
658
401
52
535
472
70
2
411
615
139
194
5
574
873
53
458
28
721
749
774
589
624
822
572
743
725
810
472
712
636
32
143
817
699
809
13
242
937
685
929
10
515
930
818
744
617
895
632
890
496
732
921
735
791
427
757
2
3
388
923
948
41
855
443
821
37
523
448
4
635
611
358
680
530
547
743
453
817
859
215
774
755
795
566
298
850
112
317
455
593
359
19
358
651
683
14
36
509
818
367
622
653
809
623
853
412
734
117
804
543
871
816
759
899
747
893
767
543
2
1015
790
574
769
580
700
793
870
648
904
612
346
779
675
33
647
838
14
828
834
823
813
587
841
814
899
758
719
744
904
798
760
810
803
616
860
643
24
386
2
481
572
4
812
502
384
845
607
816
652
675
844
373
338
737
602
724
632
781
19
563
639
506
5
369
869
787
736
752
328
751
237
885
925
670
22
651
716
956
803
110
791
507
17
858
447
502
694
924
22
594
272
229
815
808
632
257
754
384
777
657
531
14
754

